2.23767193750311e-12
1.2103194599069e-11
5.23693345537723e-11
2.0034520434345e-10
7.03483561700467e-10
2.30683388623125e-09
7.12926896616496e-09
2.08713058314172e-08
5.80548478946388e-08
1.5371728181407e-07
3.87919679433988e-07
9.33857778859285e-07
2.14601816100245e-06
4.71016259807347e-06
9.87834239126655e-06
1.9803534416212e-05
3.79621524929326e-05
6.96025458548892e-05
0.000122085065288604
0.000204900305121606
0.000329101393449041
0.000505912615374788
0.000744425591649622
0.00104857804402481
0.00141397843118725
0.00182546916031752
0.00225644397137356
0.00267070911307398
0.00302707308915728
0.00328600562831706
0.00341691347366401
0.00340417213969202
0.003250249611066
0.002975043666933
0.00261165903618993
0.00219986194128684
0.00177900047787915
0.00138210938768256
0.00103232728884655
0.000741929587857345
0.00051354382458807
0.000342686194909171
0.000220692320653141
0.00013732363002272
8.26591477354413e-05
4.81907396239114e-05
2.72468772389573e-05
1.49593421173298e-05
7.98576373351655e-06
4.15042602920372e-06
2.10280554381015e-06
1.03988080629039e-06
5.02551057768476e-07
2.3763295499615e-07
1.10068210603198e-07
4.99947484780487e-08
2.22921024525095e-08
9.76734487491792e-09
4.20933095996868e-09
1.78587273082314e-09
7.46546086350417e-10
3.07735639929226e-10
1.25181373536175e-10
5.02861328487572e-11
1.99613707511861e-11
7.83493092771635e-12
3.04253000427234e-12
1.16956875757013e-12
4.45275941765636e-13
1.67978121097387e-13
6.28189410329945e-14
2.32983476201971e-14
8.57288733098011e-15
3.13081132265143e-15
1.13518049735225e-15
4.08782691948108e-16
1.46242101737544e-16
5.19911650990103e-17
1.83730553642836e-17
6.45562887865153e-18
2.25582452546976e-18
7.84115357723092e-19
2.71178500521972e-19
9.33294692573111e-20
3.19707897901984e-20
1.09027800178188e-20
3.70206928119037e-21
1.25183017103991e-21
4.21605603850606e-22
1.41445945090847e-22
4.72778442176352e-23
1.5745799901863e-23
5.22595582719897e-24
1.728669957531e-24
5.69970916436648e-25
1.87341569383041e-25
6.13904550874204e-26
2.00583462164359e-26
6.53517700170286e-27
2.12337210694274e-27
6.88078867398514e-28
2.22396987401193e-28
7.17020914336935e-29
2.30610573159188e-29
7.39949241158607e-30
2.36880615710621e-30
7.56641797680504e-31
2.41163464545889e-31
7.67042007781597e-32
2.43465964845848e-32
7.71245912383353e-33
2.43840643712103e-33
7.6948493694689e-34
2.42379736432223e-34
7.62105686073139e-35
2.3920848565916e-35
7.49548082901844e-36
2.34478109385708e-36
7.32323027536272e-37
2.28358781567897e-37
7.10990568254743e-38
2.21032908643917e-38
6.86139380767938e-39
2.12688921496286e-39
6.58368149882135e-40
2.03515739997974e-40
6.28269256702756e-41
1.93698009425784e-41
5.96415001549017e-42
1.83412156916758e-42
5.63346443477065e-43
1.72823273054929e-43
5.2956481445081e-44
1.62082789102146e-44
4.95525370299647e-45
1.51326894217378e-45
4.61633470547666e-46
1.40675618689819e-46
4.28242632714792e-47
1.30232497891733e-47
3.9565428077238e-48
1.20084726316951e-48
3.64118898685846e-49
1.10303710832339e-49
3.33838288969476e-50
1.00946057243986e-50
3.04959427284582e-51
9.21249846607749e-52
2.72246349719415e-52
