3.77364454863461e-13
2.05118333190614e-12
8.92760830091079e-12
3.44022108685742e-11
1.21825277337043e-10
4.03573628395148e-10
1.26270071776761e-09
3.75232516660787e-09
1.06270318632524e-08
2.8747128413095e-08
7.43866138379921e-08
1.84320047009534e-07
4.37694981698339e-07
9.96692840080469e-07
2.17751596427229e-06
4.56620072733204e-06
9.19386107519835e-06
1.77796477546507e-05
3.30327215222193e-05
5.89737101449724e-05
0.000101192322802695
0.000166909437113759
0.000264677169808277
0.000403555291824873
0.000591673120233143
0.000834235420582702
0.00113124262150866
0.00147541566969781
0.00185095898055107
0.0022337718594957
0.0025934772359792
0.00289719979059637
0.00311450553580125
0.00322248517697366
0.00320979514442716
0.00307865590329668
0.00284431160563873
0.00253211886696812
0.00217303303850955
0.00179860321658865
0.00143658232926332
0.00110794755943616
0.000825651103191166
0.000594955530310044
0.000414887285400949
0.000280222889086986
0.000183482909891517
0.000116577395510828
7.19419548785061e-05
4.31650801059553e-05
2.52061158303362e-05
1.4339926606046e-05
7.95611001447282e-06
4.30933564605116e-06
2.28093678378889e-06
1.18097220191459e-06
5.98701088208491e-07
2.97463315144148e-07
1.4497931215994e-07
6.93761708129231e-08
3.26222635754658e-08
1.50858589930059e-08
6.86618553558784e-09
3.07802758951451e-09
1.36002725821411e-09
5.92696618212273e-10
2.54920012567889e-10
1.08274136047925e-10
4.54405694030591e-11
1.88537081443917e-11
7.73761098332414e-12
3.14257167331966e-12
1.26366321012113e-12
5.03308381836214e-13
1.98642520139793e-13
7.77167031607413e-14
3.01522926790984e-14
1.16048952848078e-14
4.43220666939501e-15
1.68032002885646e-15
6.32536183328901e-16
2.36494745727528e-16
8.784466708355e-17
3.24247132974167e-17
1.18961701773547e-17
4.3391697081357e-18
1.57386599087621e-18
5.67778640939805e-19
2.03762699951462e-19
7.27586581899124e-20
2.58544422900644e-20
9.14426171608312e-21
3.21954233746884e-21
1.12859324792603e-21
3.93950181730563e-22
1.36951112725599e-22
4.74206343546934e-23
1.63569094882005e-23
5.62107495393045e-24
1.92473783302806e-24
6.56758269187315e-25
2.23340203144993e-25
7.57006041937858e-26
2.55767125078882e-26
8.61475937409201e-27
2.89289787179157e-27
9.6861564321337e-28
3.23395299433692e-28
1.07674729518447e-28
3.57539818090926e-29
1.1841234613667e-29
3.91166543046633e-30
1.28898425679385e-30
4.23723622456126e-31
1.38961280862942e-31
4.54681133813572e-32
1.48438663018011e-32
4.8354643654956e-33
1.57182290778147e-33
5.09877343600446e-34
1.65061621205318e-34
5.33292724680948e-35
1.71966767307763e-35
5.53480319847265e-36
1.77810517186268e-36
5.70201698145828e-37
1.82529456941041e-37
5.83294434894062e-38
1.86084239910299e-38
5.92671697126472e-39
1.88459077498922e-39
5.98319517029904e-40
1.89660551209319e-40
6.00292096956619e-41
1.89715861535022e-41
5.98705527750498e-42
1.88670637634179e-42
5.93730316887585e-43
1.86586433033681e-43
5.85583117474199e-44
1.83538028123013e-44
5.74518027162407e-45
1.79610651077672e-45
5.60817792655989e-46
1.74897206950984e-46
5.44785936906459e-47
1.6949001394643e-47
5.27169623391801e-48
1.60164227676049e-48
