1.74974240887008e-09
8.67973071913123e-09
3.47114301454744e-08
1.28429680548776e-07
4.39743255743533e-07
1.39374374642366e-06
4.089946651247e-06
1.11145868589035e-05
2.79760323484945e-05
6.52312571316229e-05
0.000140910499934064
0.000282013573348022
0.000522920783892027
0.000898297794077842
0.00142949452824902
0.00210699253937872
0.00287598065464787
0.00363464171005919
0.00425195929171328
0.00460319619557729
0.00461061210940777
0.00427139436977414
0.00365911326309456
0.00289775810034866
0.002120884580694
0.00143427994969976
0.00089600804014304
0.000516959385927151
0.000275409945694999
0.000135456679708905
6.14956659531169e-05
2.57658255179666e-05
9.96179285826119e-06
3.5536048642642e-06
1.16946897115744e-06
3.5501852164133e-07
9.94066602174029e-08
2.56711753002444e-08
6.11377239210356e-09
1.34269357944256e-09
2.71908427627294e-10
5.07718847465378e-11
8.74093703203133e-12
1.38742088366468e-12
2.03028686210765e-13
2.73899153800703e-14
3.40639350325919e-15
3.90533145768749e-16
4.12733098264529e-17
4.02086474102967e-18
3.61077004748264e-19
2.98884024052986e-20
2.28045314367291e-21
1.60379536428668e-22
1.03963403214413e-23
6.21170308173893e-25
3.42085748254521e-26
1.73639781560971e-27
8.12362177216989e-29
3.50294230187072e-30
1.39218203441602e-31
5.09959902488364e-33
1.72167218837443e-34
5.35718971100315e-36
1.53636222466907e-37
4.06086301014185e-39
9.89257710129558e-41
2.22108586732028e-42
4.59604854417796e-44
8.76528209657678e-46
1.54066427857745e-47
2.49580039961562e-49
3.72623634900864e-51
5.12730005332835e-53
6.5022551886067e-55
7.59968256180685e-57
8.18619998173535e-59
8.1268838241085e-61
7.43566746900187e-63
6.27002865417862e-65
4.87272886802638e-67
3.49001795200527e-69
2.30374997673025e-71
1.4015058207926e-73
7.85789079248723e-76
4.06039480610735e-78
1.93366585169161e-80
8.48682414039718e-83
3.43288562285487e-85
1.27974542240009e-87
4.39681041246743e-90
1.39219990254783e-92
4.06270211369159e-95
1.09264155659264e-97
2.70825557566371e-100
6.18657999385538e-103
1.30244845019248e-105
2.52708154617818e-108
4.51883683859483e-111
7.44702228295417e-114
1.13106389717678e-116
1.58321550413484e-119
2.04240213200471e-122
2.42823508199359e-125
2.66065392357043e-128
2.68679276853417e-131
2.50050667226133e-134
2.14471641923421e-137
1.69535127965444e-140
1.23508668014598e-143
8.29245367505495e-147
5.13117123671449e-150
2.92615794961365e-153
1.53789537977841e-156
7.44909580423328e-160
3.32527862247119e-163
1.36804444924481e-166
5.18704529381862e-170
1.81253964622067e-173
5.83717363078908e-177
1.73246836571001e-180
4.73887880688576e-184
1.1946301267411e-187
2.7754849775134e-191
5.94280997448678e-195
1.17271461708482e-198
2.13275198135444e-202
3.57466938174073e-206
5.52177756561085e-210
7.86084852558509e-214
1.03135322701029e-217
1.2470759751634e-221
1.38971537859681e-225
1.42727046160809e-229
1.35093405592132e-233
1.17844542469408e-237
9.47397526708135e-242
7.01943992477242e-246
4.79314000959122e-250
3.01637410276516e-254
1.74943464594665e-258
9.35099168064473e-263
4.60643601513719e-267
2.09131685460919e-271
8.75028204374129e-276
3.37420669557298e-280
1.19913679425725e-284
3.92747281986526e-289
1.18550955404129e-293
