4.05431000817772e-12
2.18959500827385e-11
9.45031627567998e-11
3.60637193933965e-10
1.26251147803591e-09
4.12546815567585e-09
1.26946249785633e-08
3.69660232208428e-08
1.02150927647133e-07
2.68343584883203e-07
6.70883660871466e-07
1.59760297086478e-06
3.62604563979883e-06
7.8481166441141e-06
1.62051450524665e-05
3.1933994330008e-05
6.00756340840093e-05
0.000107918933068952
0.000185157111881973
0.00030345782627427
0.000475147124920912
0.000710843329256871
0.00101617928343454
0.00138817935436057
0.00181227706796296
0.00226116760517342
0.00269649535419644
0.00307371281716373
0.00334945470397848
0.00348979305363665
0.0034771948240183
0.00331418816014108
0.00302266018536782
0.00263903383907885
0.00220679090203882
0.00176846160239615
0.0013590907839557
0.00100245165672264
0.00071027725432074
0.000483917953206787
0.000317369391406635
0.000200592587077185
0.000122337883137473
7.20892533301493e-05
4.10991307081607e-05
2.27013696978023e-05
1.21658666050093e-05
6.33465814598938e-06
3.20927951088388e-06
1.58417583431861e-06
7.62966403348911e-07
3.58997813930643e-07
1.65242186854603e-07
7.44953042175321e-08
3.29327284033532e-08
1.42923674346499e-08
6.09563954439257e-09
2.55745580339521e-09
1.05652619840955e-09
4.30150288777672e-10
1.72738199759153e-10
6.84734278660175e-11
2.68124534372962e-11
1.03783028421624e-11
3.97343702878917e-12
1.50561209106609e-12
5.64944789691685e-13
2.1002377808775e-13
7.73942993573452e-14
2.828278660824e-14
1.02539211458119e-14
3.6896250776123e-15
1.3181289455108e-15
4.67698143158051e-16
1.64871168750776e-16
5.77597867280251e-17
2.0115488938666e-17
6.9658575148358e-18
2.39919431276812e-18
8.22061858504809e-19
2.80276837885981e-19
9.51050068031005e-20
3.21245952970796e-20
1.08036349554508e-20
3.61805740366213e-21
1.20677280912054e-21
4.00947401756017e-22
1.32716465496723e-22
4.37721662284377e-23
1.43868017499384e-23
4.71278548866411e-24
1.53882675519726e-24
5.00897995115988e-25
1.62555928292701e-25
5.26010559990396e-26
1.69733002077379e-26
5.46208369151786e-27
1.75310853982611e-27
5.61247036015593e-28
1.79237490670984e-28
5.71039778586061e-29
1.81509047627661e-29
5.7564522478232e-30
1.82165125050028e-30
5.75250513837906e-31
1.81282890531997e-31
5.70151283682169e-32
1.78970436007828e-32
5.60730016472397e-33
1.75359827206919e-33
5.47434028642652e-34
1.70600217866703e-34
5.30754166897114e-35
1.64851326618698e-35
5.11205031838063e-36
1.58277498680696e-36
4.89307315473168e-37
1.51042502453121e-37
4.65572621531869e-38
1.43305146419642e-38
4.40490947349519e-39
1.35215746556623e-39
4.14520847925416e-40
1.26913429744862e-40
3.88082178168822e-41
1.18524224508613e-41
3.61551217343115e-42
1.10159866168364e-42
3.35257917579245e-43
1.01917228128263e-43
3.09484982245082e-44
9.38782832166726e-45
2.84468465575453e-45
8.61104973499921e-46
2.60399587818457e-46
7.86675609017508e-47
2.374274759558e-47
7.15903697334351e-48
2.15662564921903e-48
6.49081767295585e-49
1.95180424806987e-49
5.86398449001241e-50
1.7602581296745e-50
5.27951439699632e-51
1.58216776765464e-51
4.73760982713624e-52
1.41744496408695e-52
4.24098804680859e-53
1.24188641791421e-53
