1.0302574038178e-15
5.66318350598012e-15
2.50356459222936e-14
9.83913950256197e-14
3.56916876559107e-13
1.2170229816756e-12
3.94068359764775e-12
1.21924162801885e-11
3.61921210922983e-11
1.03358333175618e-10
2.84534331732791e-10
7.56142524620838e-10
1.94187421392142e-09
4.8233634772734e-09
1.15952209562643e-08
2.69925182884155e-08
6.08749920542368e-08
1.33055124523974e-07
2.81944998333228e-07
5.79377670152548e-07
1.1548697448597e-06
2.23344228841189e-06
4.19153025832167e-06
7.63488950269343e-06
1.34999746249164e-05
2.31752038846948e-05
3.86303314509818e-05
6.25310458778215e-05
9.83033968053248e-05
0.000150101813287338
0.000222629917736277
0.000320770362422584
0.000449002916213952
0.000610630315056212
0.000806885074787439
0.00103604740285318
0.00129274905933349
0.0015676531093529
0.00184767110647169
0.0021168029648792
0.00235756992057206
0.00255288078699039
0.00268805856389927
0.00275269087439273
0.0027419758211644
0.00265731822655008
0.00250607226740368
0.00230049098047454
0.00205609025909977
0.00178972989332618
0.00151773793077623
0.00125435844639916
0.00101070589722036
0.000794291037226323
0.000609073850224427
0.000455920381138055
0.000333302840343206
0.000238083976124514
0.000166256907500722
0.000113556205492937
7.59017740929403e-05
4.96746713611265e-05
3.18489464511254e-05
2.00156127152852e-05
1.23365577482191e-05
7.46118410355134e-06
4.43043607838507e-06
2.58430985146768e-06
1.48161000330158e-06
8.35300972025938e-07
4.63336547641949e-07
2.52996787591234e-07
1.36054834680588e-07
7.20948159522569e-08
3.76608734765961e-08
1.94031692881264e-08
9.8638126476724e-09
4.94988286926741e-09
2.45304340729843e-09
1.20102515117691e-09
5.81173791782551e-10
2.78055616597591e-10
1.315794301213e-10
6.16067528788078e-11
2.8549625405459e-11
1.30992576210257e-11
5.95256668975799e-12
2.67981745917586e-12
1.1955743792801e-12
5.28738249396324e-13
2.31854358730252e-13
1.00835487662959e-13
4.35054865213804e-14
1.86256690673534e-14
7.91439472468336e-15
3.33855404877197e-15
1.39838649412354e-15
5.81719765222791e-16
2.40383415104148e-16
9.86920792125644e-17
4.02649466693232e-17
1.63273579108425e-17
6.58146703367206e-18
2.63766011063154e-18
1.05117000112103e-18
4.16630685092411e-19
1.64254571379445e-19
6.4421826703148e-20
2.51395320673013e-20
9.76218507107646e-21
3.77274675888095e-21
1.45124981680065e-21
5.55714691605159e-22
2.11853793167649e-22
8.04161086034458e-23
3.03961406662085e-23
1.14421329637276e-23
4.28994526090534e-24
1.60211743661203e-24
5.9603946299557e-25
2.20918792575208e-25
8.1583985691792e-26
3.00212103313061e-26
1.10087429997134e-26
4.02316306172514e-27
1.46538225999613e-27
5.32009764154244e-28
1.92532762933159e-28
6.94602076467344e-29
2.49829092121844e-29
8.95887872235561e-30
3.20328355307264e-30
1.14207527886601e-30
4.06048070100032e-31
1.43968849564826e-31
5.09087273967081e-32
1.79544507494291e-32
6.3158391132749e-33
2.21610974820197e-33
7.75665240710147e-34
2.70832786318504e-34
9.43392418332002e-35
3.27844265128872e-35
1.13670076277202e-35
3.93230124480755e-36
1.3573400044105e-36
4.67485150373903e-37
1.60847087631162e-37
5.37544950118894e-38
