1.08763543827324e-14
5.95453034500544e-14
2.61750271733644e-13
1.02126323269562e-12
3.67181143937401e-12
1.23874368920115e-11
3.96094215376582e-11
1.20772571307107e-10
3.52518636744246e-10
9.87587589400145e-10
2.6603636183782e-09
6.90002392790249e-09
1.72477462431309e-08
4.15831156214098e-08
9.67538557649385e-08
2.17371277980879e-07
4.71736780082691e-07
9.89271479876707e-07
2.00531611645594e-06
3.93023046839682e-06
7.44942415121582e-06
1.36579673797421e-05
2.42262589097568e-05
4.15807348167586e-05
6.90658955801726e-05
0.000111033397147445
0.000172786030641605
0.000260297478641303
0.000379642486887819
0.000536114233202611
0.000733077425766845
0.000970697634765869
0.00124477806167255
0.00154599393221263
0.00185981102217484
0.00216728906411807
0.00244680635029974
0.00267653024652102
0.00283725422949012
0.00291508783157764
0.00290347016535815
0.00280409617937396
0.00262657154782411
0.00238688620132406
0.00210504204246466
0.00180232210173456
0.00149871278131432
0.00121089467086633
0.000951041315983072
0.000726466434457464
0.000539991807515596
0.000390804654208082
0.000275543827916341
0.000189386104211435
0.000126972343519173
8.3091840972707e-05
5.31112227630432e-05
3.3180851397621e-05
2.02749247600863e-05
1.21255005182682e-05
7.10242292264295e-06
4.07732876288972e-06
2.29562077377378e-06
1.26843582710112e-06
6.88278845504634e-07
3.6699963049172e-07
1.92416912539182e-07
9.92570237971603e-08
5.04052829731868e-08
2.52136767954719e-08
1.24303117136387e-08
6.04290432904659e-09
2.89835192929077e-09
1.37218844899113e-09
6.41565423574361e-10
2.96368389022269e-10
1.35324916336845e-10
6.11029316946353e-11
2.72935846226386e-11
1.20654037689748e-11
5.28040563282575e-12
2.28871323242106e-12
9.82793014593097e-13
4.18235496874173e-13
1.76442553182075e-13
7.38140468211792e-14
3.06303507271051e-14
1.26113297289517e-14
5.15322764448616e-15
2.09033558993087e-15
8.41928079689272e-16
3.36787437570542e-16
1.33830183717005e-16
5.2839771335271e-17
2.07330873460408e-17
8.08624864851741e-18
3.13538349042762e-18
1.2088482508689e-18
4.63515623277928e-19
1.76782537517198e-19
6.70756375944483e-20
2.53224694496988e-20
9.51318293298152e-21
3.55700487682431e-21
1.32385315017868e-21
4.90509678840078e-22
1.80951130968875e-22
6.64710397186191e-23
2.43170363603869e-23
8.86019981231198e-24
3.21571102787125e-24
1.16266708819798e-24
4.18814040948004e-25
1.50319617653135e-25
5.3762354500938e-26
1.91622849478849e-26
6.80705981797723e-27
2.41018665697126e-27
8.50657970063653e-28
2.99299252886345e-28
1.04986799668442e-28
3.67175029543382e-29
1.2804154147106e-29
4.45242806974768e-30
1.5439711951699e-30
5.33955213500574e-31
1.84170490908443e-31
6.33592783725986e-32
2.17420226578729e-32
7.44240027964832e-33
2.54139714117419e-33
8.65766637656822e-34
2.94252142381472e-34
9.97814762089324e-35
3.37607522952171e-35
1.13979302466211e-35
3.83981913663214e-36
1.29087765023951e-36
4.33078913024553e-37
1.45002076658142e-37
4.84533396998214e-38
1.61596563978948e-38
5.37917376469339e-39
1.78726832701641e-39
5.92747729589619e-40
1.96232816541042e-40
6.48470241127513e-41
2.14143168589363e-41
6.88523217106797e-42
