9.81012042359931e-17
5.41214120752667e-16
2.40486731971694e-15
9.5135992032087e-15
3.47902934270208e-14
1.19775318795316e-13
3.9221892171435e-13
1.22938284016726e-12
3.70379546884324e-12
1.07560164391583e-11
3.01710430693531e-11
8.18692217580669e-11
2.1514990940513e-10
5.48074916344412e-10
1.35433473165242e-09
3.24826115682932e-09
7.56525217366125e-09
1.71166867966363e-08
3.76349196312571e-08
8.04393558219758e-08
1.67173611190622e-07
3.37901708837373e-07
6.64396541841134e-07
1.27104181024427e-06
2.36625006802995e-06
4.28741231805204e-06
7.5617556599085e-06
1.29836257398288e-05
2.17051777115846e-05
3.53320010824494e-05
5.60080205157415e-05
8.64660234025809e-05
0.00013001317252401
0.000190417509712953
0.000271664809818453
0.000377567878402286
0.00051123366306946
0.000674425870427126
0.000866897267259572
0.00108579839875304
0.00132528814235039
0.00157646708476271
0.00182772173398596
0.00206550721850765
0.00227551741840272
0.00244411030116379
0.00255979185108896
0.00261453184869788
0.002604699250067
0.00253146367460465
0.00240060083870437
0.002221743484858
0.00200721224384676
0.00177062304940643
0.00152548781298517
0.00128400258293068
0.0010561618927165
0.000849265381118424
0.000667810466469598
0.000513707229223402
0.000386717052878296
0.000285006578055964
0.000205719118616513
0.000145489563108857
0.000100857883363591
6.85639117273828e-05
4.57276328424293e-05
2.99330493608199e-05
1.92400132158253e-05
1.21488633291806e-05
7.53937820844129e-06
4.60042705526025e-06
2.76131197804218e-06
1.6310895777923e-06
9.48578581755547e-07
5.43359896986759e-07
3.06692596061003e-07
1.70647479947239e-07
9.36382456713913e-08
5.06915589126514e-08
2.70841545004278e-08
1.42875043765985e-08
7.44421583567158e-09
3.83229381889409e-09
1.94996752996287e-09
9.81006431425297e-10
4.88129502746994e-10
2.40300968892033e-10
1.17075903882816e-10
5.64678316913783e-11
2.69700787893755e-11
1.27594712587258e-11
5.98095262876378e-12
2.77849255831599e-12
1.27955652245275e-12
5.84288781345789e-13
2.64616144074765e-13
1.18884499642122e-13
5.29968736875489e-14
2.34468293802248e-14
1.02971352742188e-14
4.48986870609175e-15
1.94410331321728e-15
8.36092268194831e-16
3.57203890230369e-16
1.5162839607872e-16
6.3961702239473e-17
2.68166704011104e-17
1.11764259911663e-17
4.63105444943554e-18
1.90809095135668e-18
7.818470090144e-19
3.18645103081079e-19
1.29185199458904e-19
5.21067164271198e-20
2.09123898216635e-20
8.35207664463961e-21
3.31983328764003e-21
1.31346231289096e-21
5.17303571982319e-22
2.02836144505168e-22
7.91883465273993e-23
3.07847709418939e-23
1.19181990664437e-23
4.59542255631611e-24
1.76489630239535e-24
6.75195421740167e-25
2.57331424136009e-25
9.77112526143842e-26
3.69674150281434e-26
1.39363688360751e-26
5.23562511335195e-27
1.9602306792894e-27
7.31469132752203e-28
2.72059928677019e-28
1.00865264334441e-28
3.72782107723913e-29
1.37351047851397e-29
5.04543635795565e-30
1.84791052495049e-30
6.74844169163831e-31
2.45748362311569e-31
8.9241300842078e-32
3.23185745951059e-32
1.16727128942113e-32
4.20482050583864e-33
1.51069224463996e-33
5.42052139406891e-34
1.88419180720248e-34
