3.17717985355615e-16
1.74970810956467e-15
7.75536525646432e-15
3.05817419883933e-14
1.11395197167901e-13
3.81715638412843e-13
1.24314744930636e-12
3.87205817732782e-12
1.15819672953679e-11
3.33632642819275e-11
9.27411666479988e-11
2.49135441690658e-10
6.47503699523286e-10
1.62955555098667e-09
3.97388884918043e-09
9.3956237386727e-09
2.15477225533726e-08
4.79528381002933e-08
1.03588518457102e-07
2.17280780210424e-07
4.42645262302602e-07
8.76021171245795e-07
1.68455844443999e-06
3.14810459177267e-06
5.71839764130363e-06
1.00977554912474e-05
1.73363350550609e-05
2.89416004968875e-05
4.6985775451572e-05
7.41874144561233e-05
0.000113933561783299
0.000170202221133648
0.000247344882715138
0.000349699526856794
0.000481028380419129
0.000643811313472677
0.000838470431651138
0.00106264488781946
0.00131066468038817
0.00157337543734857
0.00183843402472754
0.00209112638618669
0.00231566385046398
0.00249681154582863
0.00262161747195638
0.00268096694002068
0.00267069961153266
0.00259209628290776
0.00245165553078837
0.00226021020077269
0.00203154995057431
0.00178079249590996
0.00152276823910915
0.00127065073820177
0.00103499245171859
0.000823232905049509
0.000639657623158932
0.000485718728330519
0.000360591371266577
0.000261834482216155
0.000186043049669391
0.000129412034025071
8.81687254773237e-05
5.88628025658071e-05
3.8526929238525e-05
2.47341798886966e-05
1.5583104717674e-05
9.63935174720524e-06
5.85723438481944e-06
3.49784645411824e-06
2.05391696383109e-06
1.18644413817138e-06
6.74527036907761e-07
3.7760794356223e-07
2.08243223261183e-07
1.13183433490988e-07
6.06550515050917e-08
3.20633237050906e-08
1.67258480079683e-08
8.61353691856319e-09
4.38086058043269e-09
2.20134266876991e-09
1.09326872119602e-09
5.36825302062927e-10
2.60709324681183e-10
1.25268970913755e-10
5.95709850842293e-11
2.80457192557469e-11
1.30758654506507e-11
6.03911548069438e-12
2.76374379557105e-12
1.25360865673555e-12
5.63741415916796e-13
2.51397868536719e-13
1.11202083080912e-13
4.88018313256857e-14
2.12534621550112e-14
9.18731436020131e-15
3.9427961549989e-15
1.68021618829273e-15
7.11141723334053e-16
2.98991827874576e-16
1.24897490170612e-16
5.18460395692452e-17
2.1390379026291e-17
8.77270082059628e-18
3.57707896043343e-18
1.45034100063383e-18
5.84819469718465e-19
2.34555227218076e-19
9.35835188326202e-20
3.71485538746161e-20
1.46733103203077e-20
5.76781633488349e-21
2.25654265244098e-21
8.78768364253828e-22
3.40684438859954e-22
1.31499430046134e-22
5.05398876162407e-23
1.93431484135355e-23
7.37300948655776e-24
2.79916205448134e-24
1.05856246084283e-24
3.9879384943433e-25
1.4967905801904e-25
5.59744979625121e-26
2.08579095962227e-26
7.74526925606032e-27
2.86629013778513e-27
1.05719085655718e-27
3.88657488567294e-28
1.42426540739298e-28
5.20300235134054e-29
1.89489189787257e-29
6.88033310760062e-30
2.4908960066101e-30
8.99183990411338e-31
3.2367814000304e-31
1.16191483058022e-31
4.15963232272938e-32
1.48517715453017e-32
5.28891452888095e-33
1.87863107318707e-33
6.65616714074277e-34
2.35253007879693e-34
8.2945982633725e-35
2.91743514635778e-35
1.0249634756636e-35
3.49313474746864e-36
