6.03083979129163e-15
3.30512938851862e-14
1.45503615100908e-13
5.68772000293492e-13
2.04967898715157e-12
6.93409235269398e-12
2.2244815692611e-11
6.80862152699223e-11
1.99615018697752e-10
5.62063811028398e-10
1.52280911495204e-09
3.97520172127377e-09
1.00084308255339e-08
2.43223452399611e-08
5.7088401330212e-08
1.29483477399895e-07
2.83915941984483e-07
6.02048732791318e-07
1.23502547109315e-06
2.45155167229018e-06
4.71010832159143e-06
8.76065849798557e-06
1.57775300516461e-05
2.75174698799327e-05
4.6484436979722e-05
7.60661128964643e-05
0.000120589093793935
0.000185225667108072
0.000275682605926913
0.000397619727383393
0.000555788726690806
0.000752950361274302
0.000988710323967297
0.00125849098772617
0.00155290093492902
0.0018577512460926
0.00215488265032698
0.00242381679318935
0.00264405762553861
0.0027976932547603
0.00287183738265138
0.00286044250200363
0.00276512563990802
0.00259484799129513
0.00236452977583528
0.00209289650123877
0.00179998709590671
0.00150477919024951
0.00122330697217351
0.000967496009190326
0.000744765385920089
0.000558296516493563
0.000407770868572047
0.000290345501942897
0.000201656982939788
0.000136700724644895
9.05013311777562e-05
5.85515690969882e-05
3.70423458864749e-05
2.29305478574911e-05
1.38984792517679e-05
8.25349471121245e-06
4.805136752284e-06
2.74440380887071e-06
1.53864461017391e-06
8.47317130924907e-07
4.58601228922896e-07
2.44098117692761e-07
1.27845590923539e-07
6.5924153878049e-08
3.34872251025932e-08
1.67656552625189e-08
8.27736648044634e-09
4.03190285638167e-09
1.9385745559496e-09
9.20471429677259e-10
4.31804103814953e-10
2.00215536770401e-10
9.17956319017504e-11
4.16323653987049e-11
1.86848539049218e-11
8.30148740410344e-12
3.65242475943661e-12
1.59188293330211e-12
6.87519094187096e-13
2.94330794794498e-13
1.24937235089294e-13
5.25988117047101e-14
2.19687485274762e-14
9.10526586731113e-15
3.74581023133915e-15
1.52991799223148e-15
6.20524457102603e-16
2.49984490079176e-16
1.00051077200307e-16
3.97898610918449e-17
1.57271082808081e-17
6.17919055339923e-18
2.4137805236789e-18
9.37608605316875e-19
3.62221478363034e-19
1.39195119205455e-19
5.32153250483536e-20
2.02430286810366e-20
7.66303908838004e-21
2.88716607972887e-21
1.0827890291817e-21
4.04269841233673e-22
1.50281769682189e-22
5.5628689739198e-23
2.05067674717226e-23
7.52918454165531e-24
2.75356839248896e-24
1.00319234728098e-24
3.64128489957174e-25
1.31688374923095e-25
4.74571182222967e-26
1.70433085566019e-26
6.10016044732403e-27
2.17619783277063e-27
7.73853998063067e-28
2.74318993267947e-28
9.69438990257162e-29
3.41572873900876e-29
1.19998021741606e-29
4.20359824871183e-30
1.46842709242711e-30
5.11557473717259e-31
1.77735133497644e-31
6.15905493789243e-32
2.12883093951327e-32
7.33969788934394e-33
2.52434090959295e-33
8.66109580754946e-34
2.96465551931311e-34
1.01244885368284e-34
3.44976648487551e-35
1.17285345686387e-35
3.97882082683182e-36
1.34691494009542e-36
4.55008141451844e-37
1.53394192758225e-37
5.16091225579885e-38
1.73295952938194e-38
5.80778917462104e-39
1.94272021948779e-39
6.4860757183982e-40
2.16380043232692e-40
7.02424865318032e-41
