1.85614255139481e-15
1.01929576337329e-14
4.49998878172067e-14
1.76542831117576e-13
6.39042967507455e-13
2.17344403556035e-12
7.01639481066856e-12
2.16329845474616e-11
6.39591040681862e-11
1.81827306003297e-10
4.97994699501483e-10
1.31586225688447e-09
3.3579621679113e-09
8.28278673003251e-09
1.97603814676575e-08
4.5620809639931e-08
1.01969842650056e-07
2.20741951117021e-07
4.6295956417533e-07
9.40955040793785e-07
1.85383014176597e-06
3.54112485718355e-06
6.55944136323805e-06
1.17847759421491e-05
2.05385992320258e-05
3.47275442531008e-05
5.69748682128082e-05
9.07079130400932e-05
0.000140152669156786
0.00021017917785181
0.000305945962658038
0.000432313485936569
0.000593038281130769
0.000789817778831663
0.00102132054439828
0.0012823906365279
0.00156363791560986
0.00185160125725953
0.00212959183357599
0.00237919762886114
0.00258228349861801
0.0027231902871738
0.00279075995004206
0.00277981814896955
0.00269183686497718
0.00253465776506005
0.00232134298595668
0.00206838635300326
0.00179362429078421
0.00151421004327826
0.00124495945944483
0.000997264542622555
0.000778636780060142
0.000592820474420185
0.000440331721707208
0.000319241638868454
0.000226029282163451
0.000156367258613577
0.000105754672418531
6.99628988761208e-05
4.52998089918109e-05
2.87232745295407e-05
1.78455872963458e-05
1.0870209736401e-05
6.49539493118021e-06
3.80962903373061e-06
2.19440054835476e-06
1.24207750978327e-06
6.9122710360285e-07
3.7841414946571e-07
2.03900781343249e-07
1.08193297826906e-07
5.65628293354268e-08
2.9149062890849e-08
1.48145355486626e-08
7.4288646077266e-09
3.67724390898795e-09
1.79753048682708e-09
8.68092074046653e-10
4.14349242376162e-10
1.95545496861264e-10
9.12793903557183e-11
4.21597849385641e-11
1.92741841712854e-11
8.72471138897188e-12
3.91168162751013e-12
1.73759204262228e-12
7.64950492767518e-13
3.33844550738514e-13
1.44477464196742e-13
6.20176787935159e-14
2.64119644015921e-14
1.11625031259357e-14
4.68273865879345e-15
1.95035399086009e-15
8.06670360814751e-16
3.31389061905475e-16
1.35246621379154e-16
5.4845914415554e-17
2.21040545638431e-17
8.85495872291958e-18
3.52664919268379e-18
1.39659498656079e-18
5.5002176735504e-19
2.1545499459952e-19
8.39584076568746e-20
3.25509787292992e-20
1.25578468176453e-20
4.82141449560429e-21
1.84245436970373e-21
7.00865769692737e-22
2.65423738306709e-22
1.00083074370176e-22
3.75789732054406e-23
1.4052006880521e-23
5.23341485274825e-24
1.94145804546369e-24
7.17477218124785e-25
2.64158935514608e-25
9.69031894553226e-26
3.54212288063929e-26
1.29026210994259e-26
4.68398869843566e-27
1.69477083913261e-27
6.11217764231793e-28
2.19736571883033e-28
7.87518318666525e-29
2.81384726218214e-29
1.002421978193e-29
3.56072660379137e-30
1.26122218266622e-30
4.45487587361438e-31
1.56926387636973e-31
5.51311789340891e-32
1.93180530510519e-32
6.75176536301813e-33
2.35386582950782e-33
8.18612284281676e-34
2.84006439955196e-34
9.82996744922595e-35
3.39445405725455e-35
1.16950261008502e-35
4.02035831724814e-36
1.37904683088106e-36
4.72021513200732e-37
1.6122462589811e-37
5.49520129312832e-38
1.87126149037472e-38
6.19314105334059e-39
