5.72041053534354e-16
3.14736988534087e-15
1.39323519532275e-14
5.48480510699233e-14
1.99379201690893e-13
6.8154712864078e-13
2.21330258845611e-12
6.87116794262742e-12
2.0475701341598e-11
5.87325458827393e-11
1.62484730781624e-10
4.34182165350213e-10
1.12184836958518e-09
2.80523353328232e-09
6.79314329541748e-09
1.59396571524156e-08
3.62570806916351e-08
7.99799391952584e-08
1.71154678090611e-07
3.5542029833791e-07
7.16394676161012e-07
1.40190057743051e-06
2.66393683648079e-06
4.91643221415815e-06
8.81383333475106e-06
1.53507676054438e-05
2.59777272667377e-05
4.27196372113062e-05
6.82737625414056e-05
0.000106052330236722
0.000160126531670674
0.000235026472086936
0.000335360708314442
0.000465242666933283
0.000627549802795363
0.000823090452164498
0.00104980320177567
0.00130215027199841
0.00157087495272102
0.00184326238371215
0.00210397053079498
0.00233639361893868
0.00252440476219709
0.00265422648875131
0.00271612505428919
0.00270563514276364
0.00262409788784424
0.00247842122469618
0.00228011751200424
0.00204380393968676
0.00178543630670266
0.00152056968293503
0.0012629008995846
0.00102326378882118
0.000809143753753129
0.000624679681638239
0.000471048358417558
0.00034708919537351
0.000250024594218604
0.000176155248708511
0.000121448057066397
8.19753653780594e-05
5.41992706703903e-05
3.51190806743034e-05
2.23129328886624e-05
1.39078238408812e-05
8.50895006596921e-06
5.11247956403611e-06
3.01820735199517e-06
1.75165804530423e-06
9.99885919734957e-07
5.61651875800692e-07
3.10606521704689e-07
1.69194900666345e-07
9.08237668961686e-08
4.80667396332591e-08
2.50908322017072e-08
1.29240265240132e-08
6.57165560257737e-09
3.30006386552984e-09
1.63723671859908e-09
8.02800713953922e-10
3.89198653369793e-10
1.86619503709766e-10
8.85348795406879e-11
4.15707451764329e-11
1.93248687789656e-11
8.89682353314354e-12
4.05763142341427e-12
1.83380956776706e-12
8.21485997706125e-13
3.64859995569754e-13
1.60710435529318e-13
7.02200486748528e-14
3.04425402122251e-14
1.30979409069989e-14
5.5940135170866e-15
2.37210964882584e-15
9.98908649213422e-16
4.17813308365604e-16
1.73614826166094e-16
7.16834549989724e-17
2.94140789611886e-17
1.19969160572982e-17
4.86444376773094e-18
1.96116686921938e-18
7.86284711882212e-19
3.13539893715513e-19
1.24369812044063e-19
4.90801270735532e-20
1.92717946724169e-20
7.53042830017522e-21
2.92854278753695e-21
1.13362483956723e-21
4.36840366294987e-22
1.67594537009809e-22
6.40216815650282e-23
2.43539439538881e-23
9.22635000526745e-24
3.48137581413308e-24
1.3084973136222e-24
4.89931063160068e-25
1.82757551447853e-25
6.79251622833495e-26
2.51557142989233e-26
9.2838417948106e-27
3.41458030522341e-27
1.25169302012923e-27
4.57341496739081e-28
1.66569731676452e-28
6.04774902644783e-29
2.18908306257212e-29
7.90003987026947e-30
2.84263972081268e-30
1.01991972997911e-30
3.64911189133223e-31
1.30199712431111e-31
4.63295906982051e-32
1.64420418339794e-32
5.82002000056635e-33
2.05488068383084e-33
7.23708205309148e-34
2.54258744117743e-34
8.91136032675061e-35
3.11592802870191e-35
1.08699162859771e-35
3.78317670621321e-36
1.31528788410882e-36
4.43880407803334e-37
