3.34514590381302e-15
1.83518062372653e-14
8.09059162980299e-14
3.16842989323467e-13
1.14437635518049e-12
3.88191083340302e-12
1.24930008704511e-11
3.83802159469576e-11
1.13004986850318e-10
3.19749214747528e-10
8.71098471239387e-10
2.28807521115875e-09
5.80053947098332e-09
1.42039570760244e-08
3.36178492821048e-08
7.69442288672663e-08
1.70379121198572e-07
3.65133193719911e-07
7.5756385818017e-07
1.52209145472724e-06
2.96224941152389e-06
5.58541053752496e-06
1.02052468963704e-05
1.8071726723978e-05
3.10204337911336e-05
5.16208463059378e-05
8.32878980499903e-05
0.000130305618749808
0.000197701113062053
0.000290908447807839
0.000415181969251084
0.000574761108356774
0.00077185177200957
0.00100556256943724
0.00127099877648287
0.00155874983542072
0.00185498634115638
0.00214229971063353
0.00240127972791392
0.00261265937892594
0.00275970494291238
0.00283043706116146
0.00281926813021169
0.00272774085005879
0.00256423063677436
0.00234268548495168
0.00208066557937358
0.00179706420539961
0.00150991626699972
0.00123463428416309
0.000982881828662275
0.000762141706865208
0.000575900638014063
0.000424281384121172
0.000304917546350794
0.000213879659143059
0.000146507466281976
9.80628531666124e-05
6.41742000921521e-05
4.10854758200793e-05
2.57484800989076e-05
1.58057563407507e-05
9.50921428312814e-06
5.61053210560896e-06
3.24829925517422e-06
1.84654640158003e-06
1.03127049983167e-06
5.66167174653623e-07
3.05719401395875e-07
1.62460755108755e-07
8.50072597052675e-08
4.38201881579449e-08
2.22651244582583e-08
1.11563954949857e-08
5.51542378573349e-09
2.69148190099043e-09
1.29704802182458e-09
6.17533008503193e-10
2.90592568058774e-10
1.3520818497703e-10
6.22275881889639e-11
2.83390555351578e-11
1.27751154150503e-11
5.70256047411604e-12
2.52140857652396e-12
1.10464253475441e-12
4.79663816399211e-13
2.06497580686341e-13
8.81610685833956e-14
3.73369425025413e-14
1.56896098575572e-14
6.54340769499754e-15
2.70904922482228e-15
1.1136517323468e-15
4.54669718906862e-16
1.84394330954417e-16
7.43003993066854e-17
2.97516099636231e-17
1.18409330683198e-17
4.6848397916002e-18
1.84293977383376e-18
7.20952185200054e-19
2.8051060897309e-19
1.08568938139693e-19
4.18060189311624e-20
1.6018063653504e-20
6.10770375022736e-21
2.31792424474732e-21
8.75645514866144e-22
3.29319709787709e-22
1.23315597158003e-22
4.59809504395649e-23
1.70743640600872e-23
6.31485136491083e-24
2.32636297299251e-24
8.53748172878281e-25
3.12148188811138e-25
1.13712950549872e-25
4.12776656662871e-26
1.49318339422363e-26
5.38318735705004e-27
1.93432070753581e-27
6.92808645895351e-28
2.47358053291751e-28
8.80436044155597e-29
3.1243425657807e-29
1.10544632642518e-29
3.89998602684321e-30
1.37202531752445e-30
4.813504087609e-31
1.68417166487229e-31
5.87708569113719e-32
2.04556109743224e-32
7.10167905021044e-33
2.4594073682298e-33
8.49655283131684e-34
2.92832512480087e-34
1.00688719793287e-34
3.45420011976549e-35
1.18233052444722e-35
4.0380720728792e-36
1.37616807338177e-36
4.68003513209602e-37
1.58827043181028e-37
5.37915988524048e-38
1.81817849646086e-38
6.13318744236097e-39
2.06712632571415e-39
6.7754342184668e-40
