5.45361551453908e-17
3.01127288061527e-16
1.33966755127367e-15
5.30790472314366e-15
1.9447363949639e-14
6.7104270833986e-14
2.20320246279125e-13
6.92669854776972e-13
2.09400550498735e-12
6.10464444331306e-12
1.71977412906676e-11
4.68894304360057e-11
1.23872772969904e-10
3.1737116286449e-10
7.89156691505739e-10
1.9055410390482e-09
4.47037836677437e-09
1.01934171082907e-08
2.25994520980526e-08
4.87316921699915e-08
1.02229704543791e-07
2.08688195849345e-07
4.14634733583157e-07
8.01978444051492e-07
1.51029840444463e-06
2.76969768404968e-06
4.94688127062181e-06
8.60625714569223e-06
1.45857886124454e-05
2.40836757576157e-05
3.87465793661104e-05
6.07433442005791e-05
9.2801027317724e-05
0.000138174273024376
0.000200517153092259
0.000283631201475494
0.000391076676601619
0.000525656713845387
0.000688814146250065
0.000880013551661442
0.00109620904101176
0.00133151263836586
0.00157717100161272
0.00182192555698713
0.0020527746771697
0.00225608496738349
0.0024189264085186
0.00253044997957876
0.00258310146310663
0.00257348003687425
0.0025027041816705
0.00237622982403596
0.00220315867861149
0.00199515813047667
0.00176517028166498
0.00152610688284008
0.00128970811103724
0.00106569459397716
0.000861277482688371
0.000681026029302418
0.000527038908239909
0.000399332248753339
0.000296345983392105
0.000215477607711169
0.000153572633744529
0.000107326826737039
7.3580558353963e-05
4.95060741091165e-05
3.27021918904729e-05
2.12178789732081e-05
1.35275253694124e-05
8.47833894095373e-06
5.22593001921617e-06
3.16927752426978e-06
1.89183344026046e-06
1.1120177566278e-06
6.43909404196295e-07
3.67449347836813e-07
2.06729483397539e-07
1.14712036263857e-07
6.28034090467217e-08
3.39381037282945e-08
1.81084302093634e-08
9.5437231520047e-09
4.96992304623721e-09
2.55813421731345e-09
1.30191262530401e-09
6.55336254839076e-10
3.26366350497313e-10
1.60855667339287e-10
7.84845556316369e-11
3.792032207073e-11
1.81475958131557e-11
8.6048036713532e-12
4.04342552266282e-12
1.88344422112913e-12
8.69872512653306e-13
3.98436622785163e-13
1.81034615439201e-13
8.16126391321816e-14
3.65122163577703e-14
1.62140852611811e-14
7.14834900345706e-15
3.12939790394191e-15
1.36062209061508e-15
5.87642532666705e-16
2.52152111802886e-16
1.07512239668672e-16
4.55584512752366e-17
1.91894824557314e-17
8.03537472581082e-18
3.3454975889004e-18
1.385122246841e-18
5.70357788511367e-19
2.33612302312779e-19
9.51893649176762e-20
3.85903823766078e-20
1.55675224180319e-20
6.24971000608179e-21
2.49717382892464e-21
9.93192177742421e-22
3.93241192614174e-22
1.55013702675593e-22
6.0842822617132e-23
2.37803524215973e-23
9.25629340756908e-24
3.58843293961099e-24
1.38566829331879e-24
5.33012189701514e-25
2.04255622913546e-25
7.79838133299593e-26
2.96662065793786e-26
1.12455117412102e-26
4.2480312357349e-27
1.59925661086302e-27
6.00067919448903e-28
2.24420975398633e-28
8.36633840026687e-29
3.10916470112462e-29
1.15190049500789e-29
4.25475949787729e-30
1.56692804629408e-30
5.75389011504987e-31
2.10686336736716e-31
7.69301567105886e-32
2.80134082797856e-32
1.01728197900016e-32
3.68910443696162e-33
1.29514881995877e-33
