9.0175018930889e-19
5.00656443605337e-18
2.24461630088648e-17
8.98198796046855e-17
3.33095396072488e-16
1.1659807322901e-15
3.89253149036182e-15
1.24732077504181e-14
3.85282015367513e-14
1.1505974448099e-13
3.32925248954601e-13
9.34862046222388e-13
2.55071641869101e-12
6.76880272322709e-12
1.74837275455566e-11
4.39849482681361e-11
1.07832716175979e-10
2.57730586098391e-10
6.00779148170062e-10
1.36627944429348e-09
3.03224645332208e-09
6.56900611626746e-09
1.38944996197416e-08
2.87000041002275e-08
5.79023095574278e-08
1.14118564505762e-07
2.19749689701868e-07
4.13495801003141e-07
7.60394513405582e-07
1.36672603408591e-06
2.40128685427334e-06
4.12447294782893e-06
6.92616996869756e-06
1.13724373934876e-05
1.82592317933786e-05
2.86688636597445e-05
4.40216151404937e-05
6.61113111102653e-05
9.71102943696068e-05
0.000139527172421494
0.000196101036294058
0.000269619721141201
0.00036265782852319
0.000477242648766551
0.000614471717200067
0.000774122209786858
0.000954306401017022
0.00115123515370266
0.00135914944645859
0.00157046621343545
0.00177615948152678
0.0019663638751714
0.00213115047192633
0.00226139177844331
0.00234961038409842
0.00239070011727289
0.0023824216261107
0.00232560466488911
0.00222403168696472
0.00208402372866484
0.00191379133259739
0.00172264292115635
0.00152015593626659
0.00131541123412792
0.00111637127421675
0.000929452832430911
0.000759311767664219
0.000608826925352255
0.000479247173827151
0.000370452236031111
0.000281274540534994
0.000209834109373383
0.000153848800167965
0.000110895024417695
7.86067375078161e-05
5.48111631501191e-05
3.76073851449943e-05
2.53984182857979e-05
1.68890417962084e-05
1.1061246076575e-05
7.13739739017758e-06
4.53887705999821e-06
2.84554320354391e-06
1.75923948245513e-06
1.07290577475996e-06
6.45665622365967e-07
3.83525644761056e-07
2.24932085849851e-07
1.30288618403673e-07
7.45564959967214e-08
4.21611308070451e-08
2.35672221296726e-08
1.30254663196168e-08
7.12006422712669e-09
3.85030274348126e-09
2.06033722863567e-09
1.0912489355052e-09
5.72214098674825e-10
2.97130370332122e-10
1.52823920614165e-10
7.78737223745884e-11
3.9322653871729e-11
1.96807426079634e-11
9.76515031788656e-12
4.80446186615415e-12
2.34436974183996e-12
1.13476991232811e-12
5.44969696484746e-13
2.5971674127133e-13
1.22848136396838e-13
5.76838241921364e-14
2.68924296685761e-14
1.24499660819626e-14
5.72450587949978e-15
2.61461147806154e-15
1.18642784669669e-15
5.34939088802198e-16
2.39694560482605e-16
1.0674882697418e-16
4.72582532427563e-17
2.0799778504316e-17
9.10251709972924e-18
3.96131827170015e-18
1.71453196327852e-18
7.38124724774557e-19
3.16112388201038e-19
1.34687958331231e-19
5.71002580655101e-20
2.4088773005559e-20
1.0113526039865e-20
4.2261471100182e-21
1.75785208067885e-21
7.27874012275197e-22
3.00058290736935e-22
1.23159770281159e-22
5.0336519864174e-23
2.0487304902605e-23
8.30441576309652e-24
3.3526659624558e-24
1.34822340698882e-24
5.40077845631152e-25
2.1552888208142e-25
8.56919583254531e-26
3.39461247317809e-26
1.33993924201689e-26
5.27053455786883e-27
2.0658383346051e-27
8.0820041471618e-28
3.04489518228991e-28
