2.79933137782949e-19
1.55641741198151e-18
6.99192440965657e-18
2.80503743773047e-17
1.04349256146551e-16
3.66616556717043e-16
1.22914362886622e-15
3.95780038220774e-15
1.22919705599273e-14
3.69319112908476e-14
1.07581120514235e-13
3.043194596229e-13
8.36999708205972e-13
2.24052401126434e-12
5.84177847369731e-12
1.48453868099974e-11
3.67892719333675e-11
8.89467045010976e-11
2.09886609592879e-10
4.83537747261735e-10
1.08791056799581e-09
2.39102825636442e-09
5.13457119328767e-09
1.07755777937999e-08
2.21041626139276e-08
4.43279184114953e-08
8.6919349513501e-08
1.66667823330272e-07
3.12563602028428e-07
5.73359454104305e-07
1.02887819280449e-06
1.80630931596207e-06
3.10277924712802e-06
5.2152681449272e-06
8.5783374756152e-06
1.38089811781326e-05
2.17561154203607e-05
3.35497748082825e-05
5.06421526796642e-05
7.48296040025127e-05
0.000108242267923931
0.000153286922993233
0.00021253000960733
0.000288512261842009
0.000383494495273247
0.000499145509847129
0.000636196589885801
0.000794100580444636
0.000970744140053726
0.00116226645105557
0.00136303384812962
0.00156580621846587
0.00176210825181717
0.00194278945302236
0.00209872594456198
0.00222159023675561
0.00230459795339974
0.00234313713449413
0.00233519780049992
0.00228154546078349
0.00218561778826502
0.00205316238333225
0.00189166845407061
0.00170967033783164
0.00151601227710344
0.00131916081542643
0.00112663551114438
0.000944604449698776
0.000777663406671494
0.000628791492555045
0.000499455613487465
0.000389823345181854
0.000299039278586397
0.00022552248392768
0.000167250411168515
0.000122004895829735
8.75667384746037e-05
6.18548736976729e-05
4.30134254326893e-05
2.94546073200698e-05
1.98676369999239e-05
1.32040833944973e-05
8.64898189873404e-06
5.58524315908118e-06
3.5568456704535e-06
2.23438914386652e-06
1.38499365347417e-06
8.47335407769204e-07
5.11804199381762e-07
3.052912022486e-07
1.79889691390563e-07
1.04736439498921e-07
6.0270550148436e-08
3.42880488491219e-08
1.92895978645971e-08
1.07338832371133e-08
5.90952097020373e-09
3.2197021685648e-09
1.73640587372278e-09
9.27173091280309e-10
4.90279897623935e-10
2.56802041232223e-10
1.33265932579351e-10
6.85328859906869e-11
3.49324290069369e-11
1.76521207614182e-11
8.84483191171267e-12
4.39532441680781e-12
2.16662056796298e-12
1.05960782981517e-12
5.14227785577328e-13
2.47679275517656e-13
1.18418949410354e-13
5.62110678121375e-14
2.64948417466959e-14
1.24024524906058e-14
5.766690060786e-15
2.66368398551587e-15
1.22247038730394e-15
5.57512178214617e-16
2.52691060071757e-16
1.13841978592876e-16
5.09856538030848e-17
2.27028815509924e-17
1.00520434243175e-17
4.42608365629191e-18
1.93832624421059e-18
8.44354604025563e-19
3.65898849188102e-19
1.57754415452097e-19
6.76754601430137e-20
2.88904175701807e-20
1.2274162059829e-20
5.19023125964092e-21
2.18463393368003e-21
9.15391705249356e-22
3.81864940997809e-22
1.58607712672758e-22
6.55974149658779e-23
2.70167013921972e-23
1.10814207588998e-23
4.52699022551285e-24
1.8420747987101e-24
7.46655607371799e-25
3.01494687163767e-25
1.21287731698157e-25
4.8610415719642e-26
1.94428877808391e-26
7.47659312243765e-27
