5.02363716737675e-19
2.79115508076975e-18
1.25263700702408e-17
5.01900200276178e-17
1.8642252765979e-16
6.53777993218032e-16
2.18729290973522e-15
7.02616778822983e-15
2.17629465504783e-14
6.51924867425254e-14
1.89276285485875e-13
5.33477248184875e-13
1.46149129440943e-12
3.89548276231142e-12
1.01099991961866e-11
2.55648578579177e-11
6.30185680132907e-11
1.51502834969714e-10
3.5535789021095e-10
8.13481375319884e-10
1.81798864347852e-09
3.96741259305359e-09
8.4565806848793e-09
1.76092885769911e-08
3.5828453467443e-08
7.12402933459812e-08
1.3845234595036e-07
2.63033913767504e-07
4.88556368744387e-07
8.87276997828355e-07
1.57576469467186e-06
2.73686507139958e-06
4.64926422316652e-06
7.72537973413434e-06
1.25572193690491e-05
1.99680689119982e-05
3.1065362327864e-05
4.72869824186851e-05
7.04299137667793e-05
0.000102647279702077
0.000146398255812996
0.000204336215834416
0.000279124695625698
0.000373178924143487
0.000488342602306368
0.000625524154195525
0.000784331604848213
0.000962757468320672
0.00115697113568106
0.00136127326157863
0.00156825292110829
0.00176916428583925
0.00195450811454666
0.00211476952090713
0.00224123363299043
0.0023267812260258
0.00236656196357751
0.00235845546710039
0.00230325851374894
0.00220457541314419
0.00206843094460964
0.00190266338243401
0.00171618239999375
0.00151818881993165
0.001317449313877
0.00112170148588361
0.000937237923530874
0.000768687529791227
0.000618984308359448
0.000489492012333601
0.000380240002258401
0.000290221602891215
0.000217709855959622
0.00016055447614427
0.000116435341506726
8.30595600701697e-05
5.82992608486428e-05
4.02747502311081e-05
2.73922707415124e-05
1.83475662876045e-05
1.21063881213797e-05
7.87167448202716e-06
5.04506469282167e-06
3.18818704029451e-06
1.98713817497248e-06
1.22193618272816e-06
7.41537437014722e-07
4.44230526428039e-07
2.62784472330917e-07
1.53543204339454e-07
8.86386147041117e-08
5.05704426737304e-08
2.85213423695807e-08
1.59059078258301e-08
8.77356220742583e-09
4.78777708030306e-09
2.58548199079613e-09
1.38199217375593e-09
7.31358976328499e-10
3.8328219885795e-10
1.98961684968589e-10
1.02324661638756e-10
5.21490244439336e-11
2.63426605827424e-11
1.31920074245653e-11
6.5507020730683e-12
3.22608745643707e-12
1.57601052724978e-12
7.63867309194241e-13
3.67393553747025e-13
1.75378667833602e-13
8.31052321069015e-14
3.90984034379783e-14
1.8265830783722e-14
8.47497307531453e-15
3.90591288299957e-15
1.78836881737712e-15
8.13589080430875e-16
3.67813814403688e-16
1.6526678218329e-16
7.38134931681439e-17
3.27744207646422e-17
1.44689903724859e-17
6.35182755577901e-18
2.77311762937239e-18
1.20419667204097e-18
5.20157800088477e-19
2.23526512663498e-19
9.55708759284612e-20
4.06602251352328e-20
1.7214941082412e-20
7.25396604373875e-21
3.04243439167958e-21
1.27023197144798e-21
5.27959093342208e-22
2.18479742593569e-22
9.00228944208501e-23
3.6937024363584e-23
1.50929196325849e-23
6.14216372090472e-24
2.48965832127985e-24
1.00521954851835e-24
4.04312025862711e-25
1.62008527380643e-25
6.46777105146821e-26
2.5727507063673e-26
1.01968141568025e-26
4.03349201052549e-27
1.53522751129209e-27
