5.22323836144652e-18
2.89344066559012e-17
1.2931301289928e-16
5.1535980688518e-16
1.90176484477086e-15
6.61813287401841e-15
2.19446599605821e-14
6.97770698428813e-14
2.13660287959834e-13
6.31885690124847e-13
1.80874978366015e-12
5.01915038335437e-12
1.35181946526725e-11
3.53716188364368e-11
8.99844480009788e-11
2.22701919411198e-10
5.36471265991501e-10
1.2584097935344e-09
2.87548317031672e-09
6.40252462773846e-09
1.38951973078637e-08
2.940075413079e-08
6.06635827347845e-08
1.22084100897162e-07
2.39678325970974e-07
4.59099432054104e-07
8.58136405027628e-07
1.56543468365396e-06
2.78737221761659e-06
4.84489210860567e-06
8.22140428236381e-06
1.36213641731352e-05
2.20366008760123e-05
3.48138337426778e-05
5.37122952025969e-05
8.09355773530271e-05
0.000119117810778042
0.000171242542009786
0.000240474856544429
0.000329894821897705
0.000442133847572776
0.000578934392582436
0.000740675209315067
0.000925924921504804
0.00113110098906161
0.00135031377956213
0.00157546274450652
0.00179662266829616
0.00200271553656506
0.00218241454753498
0.00232518073321392
0.00242229982454081
0.00246777574640533
0.00245895157174862
0.00239676736924496
0.00228562006214548
0.00213285213569693
0.00194795147622841
0.00174158321664523
0.00152458980254129
0.00130708659829263
0.00109775141409761
0.000903365196228684
0.000728617036400545
0.000576148013745077
0.000446781019330849
0.000339870126265636
0.000253702576625092
0.000185896056275665
0.000133749477675187
9.45228459116957e-05
6.56376320534233e-05
4.48013512594207e-05
3.0067937923799e-05
1.98492380450514e-05
1.28933479522602e-05
8.24372469497977e-06
5.19004655956399e-06
3.21856710324766e-06
1.96675413047568e-06
1.18463672458075e-06
7.03587062722725e-07
4.12188776385374e-07
2.38268292540187e-07
1.35947741104575e-07
7.65869644580987e-08
4.2614140098946e-08
2.34263596709571e-08
1.27274520993519e-08
6.83587649553805e-09
3.63070144213591e-09
1.90745794104581e-09
9.91537107086671e-10
5.10118349093045e-10
2.59810220569117e-10
1.31031922712717e-10
6.54550016342657e-11
3.23936317647736e-11
1.58865935825737e-11
7.72247662517333e-12
3.72164153897162e-12
1.77852190163678e-12
8.42990109905387e-13
3.96381574314644e-13
1.84934797659899e-13
8.56292048409727e-14
3.93554298079029e-14
1.79574971923799e-14
8.13620519705884e-15
3.66106246723129e-15
1.63633988655389e-15
7.26592336660229e-16
3.20572820431047e-16
1.40555158546795e-16
6.12512160949269e-17
2.65333558109083e-17
1.14271788637687e-17
4.89342893267043e-18
2.08387303013703e-18
8.82607342720717e-19
3.71839143557476e-19
1.55842304175561e-19
6.49842592683783e-20
2.69632316041467e-20
1.11332931414063e-20
4.5751873147623e-21
1.8714228093835e-21
7.62001362592368e-22
3.08888765750478e-22
1.24667015073681e-22
5.01006637390738e-23
2.00500812437788e-23
7.99110284094027e-24
3.17213287111323e-24
1.25425320547129e-24
4.94017601520462e-25
1.93845708787979e-25
7.57807369663575e-26
2.9517647324535e-26
1.14565934313501e-26
4.43108264196439e-27
1.70794439948005e-27
6.56107963095552e-28
2.51212947319694e-28
9.58739252423788e-29
3.64735483191499e-29
1.38315841128109e-29
5.23650648124938e-30
1.91365984054638e-30
