4.97837889335854e-10
2.5847630456507e-09
1.07229161267792e-08
3.98552506926988e-08
1.36316490763356e-07
4.33649963028401e-07
1.28565756064376e-06
3.55498136725166e-06
9.1731716220599e-06
2.20993243222466e-05
4.97267311612636e-05
0.00010454258512105
0.000205398305206648
0.000377204207458657
0.000647556577186123
0.00103924597633857
0.00155916632844194
0.00218662660295512
0.00286632517815283
0.00351153970067904
0.00402015302341306
0.00430049576155763
0.00429831341035102
0.00401399879684577
0.00350255146628445
0.00285621409292474
0.00217730556462138
0.00155223504691052
0.00103554163958447
0.000646993933327497
0.000378972473454478
0.000208381107821939
0.000107733766136815
5.24727687226282e-05
2.41329607405388e-05
1.0508929053152e-05
4.34640870816531e-06
1.71337732641088e-06
6.46263865509319e-07
2.34214254467015e-07
8.1914009381589e-08
2.77691611552557e-08
9.16435215841193e-09
2.95624356192824e-09
9.35574049021669e-10
2.91416728879014e-10
8.95844940435209e-11
2.72400849157591e-11
8.20784993020128e-12
2.45428863045492e-12
7.29120205557055e-13
2.15402790965601e-13
6.3329459972119e-14
1.85406968849774e-14
5.40790686808782e-15
1.57215730261243e-15
4.55699455494858e-16
1.31736426966132e-16
3.79916976244772e-17
1.09325734158819e-17
3.13971271040813e-18
9.00043988897939e-19
2.57577335177086e-19
7.36000350706203e-20
2.10002735545219e-20
5.98402142550779e-21
1.70303135843467e-21
4.84116078195225e-22
1.37469471837187e-22
3.89962096339836e-23
1.1051588178415e-23
3.12923063326048e-24
8.85285508473678e-25
2.50254844331515e-25
7.06893156769435e-26
1.99532898256357e-26
5.62834436636294e-27
1.58659834566908e-27
4.46979084326236e-28
1.25850219943818e-28
3.54143393882717e-29
9.96032955068184e-30
2.79993494019594e-30
7.86704152907781e-31
2.20939416478485e-31
6.20214112101464e-32
1.74030221601945e-32
4.88123506715234e-33
1.36855982127459e-33
3.83560125160275e-34
1.07459529887331e-34
3.00956764440835e-35
8.42590424227497e-36
2.35823682856317e-36
6.59814382756125e-37
1.84554363436893e-37
5.16059185266397e-38
1.44261888857059e-38
4.03166710983328e-39
1.12642560390748e-39
3.14636296004352e-40
8.78632126107118e-41
2.45301733304972e-41
6.84687838293981e-42
1.91067184899318e-42
5.33069692878514e-43
1.48692495333545e-43
4.14671258470242e-44
1.15619527578237e-44
3.22309609957551e-45
8.98322886373836e-46
2.50328940836226e-46
6.97446982894572e-47
1.94283064827998e-47
5.41108413421672e-48
1.50681915487042e-48
4.19534152628358e-49
1.16789720903006e-49
3.25068385866367e-50
9.04647326417356e-51
2.51721267364822e-51
7.00322494920439e-52
1.94811807256643e-52
5.41842324430896e-53
1.50685824272457e-53
4.19000958377442e-54
1.16493598103607e-54
3.23843186168436e-55
9.00148837194672e-56
2.50173842601914e-56
6.95214155321334e-57
1.93172601773845e-57
5.3669026455115e-58
1.49091947261512e-58
4.1413117360418e-59
1.15020666644671e-59
3.19425059640129e-60
8.86988795014601e-61
2.46277195145211e-61
6.83735336777051e-62
1.89806217812827e-62
5.2685635728128e-63
1.4622922177991e-63
4.05823339331535e-64
1.12616362026563e-64
3.12484688327256e-65
8.66977523308303e-66
2.40682868180605e-66
6.56192176043195e-67
