2.90766623257657e-18
1.61195535181816e-17
7.21188308388488e-17
2.87817737572487e-16
1.06389020192345e-15
3.7097410080108e-15
1.23294455614553e-14
3.93076243853718e-14
1.20721518070351e-13
3.58218879734489e-13
1.02918750362361e-12
2.86756816161761e-12
7.75774204659149e-12
2.03973570196216e-11
5.21628304039374e-11
1.29827743969605e-10
3.14642430427251e-10
7.42847212119147e-10
1.7091324038376e-09
3.83341456956786e-09
8.38401743756924e-09
1.78847570257586e-08
3.72198617918577e-08
7.55811816636198e-08
1.4978820974565e-07
2.89759056721414e-07
5.4721216340703e-07
1.00900178649163e-06
1.81676434275374e-06
3.19465623454515e-06
5.4867203051273e-06
9.20460722312088e-06
1.50847722270111e-05
2.41517001683944e-05
3.77801757245853e-05
5.77453777910268e-05
8.6245275853439e-05
0.000125876486807916
0.000179543785717844
0.000250286320072202
0.00034101142657847
0.000454140181841146
0.000591186572457524
0.000752312057629244
0.000935915489337026
0.00113833014454227
0.00135370044719328
0.00157409768978279
0.00178990624879437
0.00199047239528972
0.00216496315756986
0.00230334143548506
0.00239733477054611
0.00244126609346454
0.00243262881345536
0.00237232421112649
0.00226452982384758
0.00211622351582719
0.00193643827256619
0.00173535804779126
0.00152337947800837
0.00131025697207933
0.00110442315495823
0.000912539748470729
0.000739293905681719
0.000587419335847533
0.000457895661007499
0.000350265824856695
0.000263009685981436
0.000193919688294558
0.000140438102590509
9.99310471214214e-05
6.98892422906945e-05
4.8057215604894e-05
3.25005563536643e-05
2.16248744266451e-05
1.41610165482588e-05
9.1297960790632e-06
5.79697298580595e-06
3.62628872946409e-06
2.23558413341034e-06
1.35872883426199e-06
8.14389164417883e-07
4.81538837415256e-07
2.80977606115234e-07
1.61842307747296e-07
9.20511269747413e-08
5.17150842737007e-08
2.87070361996707e-08
1.57496824284248e-08
8.54268173544931e-09
4.58225807403847e-09
2.43135776930545e-09
1.27649898330175e-09
6.63299653507476e-10
3.4121593170519e-10
1.73815591702076e-10
8.76990457457508e-11
4.38380950683074e-11
2.17150232801909e-11
1.06615196697184e-11
5.18947881365495e-12
2.50476581128077e-12
1.19905623911167e-12
5.69414760375957e-13
2.68299455351088e-13
1.25457158582767e-13
5.82285469869839e-14
2.68299098776963e-14
1.22749812639035e-14
5.57717405008839e-15
2.5169262693276e-15
1.12838891819046e-15
5.02627436940768e-16
2.22483434161449e-16
9.78760408444049e-17
4.27999814664491e-17
1.86062424637387e-17
8.04228310460965e-18
3.45669929874929e-18
1.47760972480058e-18
6.28241342510427e-19
2.65713189702013e-19
1.11807064681536e-19
4.68104884523421e-20
1.95021170694318e-20
8.08594010843294e-21
3.33682681085807e-21
1.37067390673622e-21
5.60497505756254e-22
2.28188014993327e-22
9.24977118368001e-23
3.73358861700666e-23
1.50077811703032e-23
6.00810158835614e-24
2.39565351355813e-24
9.51504713999014e-25
3.76470880959335e-25
1.48394480725495e-25
5.82775854615219e-26
2.28041285917913e-26
8.89167154734971e-27
3.45493928256775e-27
1.33786662506061e-27
5.16330914655505e-28
1.98616110372991e-28
7.61498901015531e-29
2.9145273905769e-29
1.07593656357628e-29
