8.17890426501892e-22
4.57616361835663e-21
2.07399802698261e-20
8.41495687306055e-20
3.17365881503821e-19
1.13317794082603e-18
3.87052526960941e-18
1.2728634884849e-17
4.04768025571334e-17
1.24841191395022e-16
3.74281064787134e-16
1.0925744562797e-15
3.10941737297298e-15
8.63627586295348e-15
2.34289311292964e-14
6.21228815666603e-14
1.61090290055283e-13
4.08707970930703e-13
1.01498597011838e-12
2.46810326442141e-12
5.87836699111382e-12
1.37169631258033e-11
3.13669161838147e-11
7.03059254994677e-11
1.54490820447156e-10
3.32874508860117e-10
7.0338830599348e-10
1.45784110814967e-09
2.9640407447534e-09
5.91249720381757e-09
1.15723162084487e-08
2.22268682054022e-08
4.18974547614312e-08
7.75154225889423e-08
1.40772133236846e-07
2.50961925796099e-07
4.39231775819093e-07
7.54752457669893e-07
1.27341040433075e-06
2.10965673110332e-06
3.43209771008422e-06
5.48321694683445e-06
8.60322708588708e-06
1.32574084948899e-05
2.00653779621323e-05
2.98295600265668e-05
4.35587907784936e-05
6.24816348251839e-05
8.80428937900883e-05
0.000121876254806594
0.000165746427900414
0.000221455775554545
0.000290713548210919
0.000374970393053877
0.000475226494443762
0.000591827898395887
0.000724271337004041
0.000871042078051749
0.00102951085127463
0.00119591384706985
0.00136543371830939
0.00153238967354816
0.00169053210185496
0.00183342335695441
0.00195487343500699
0.00204938947759767
0.00211259316300227
0.00214156124355366
0.00213505189211928
0.00209359222295725
0.00201941851420682
0.00191627784779877
0.00178911551836675
0.0016436843932751
0.00148611889892865
0.00132251688587695
0.00115856769658197
0.000999255564802613
0.000848655784414003
0.000709828833477256
0.000584806578465054
0.000474656117270173
0.000379601461224686
0.000299181217068035
0.000232421315829647
0.000178004914018675
0.000134425980396291
0.000100117917878428
7.35531427011535e-05
5.33133590953601e-05
3.81330695239055e-05
2.69205982193969e-05
1.87616848423435e-05
1.29107246711011e-05
8.77422710187851e-06
5.89026200430379e-06
3.9067528492888e-06
2.56059488047621e-06
1.65881233846599e-06
1.06236222084764e-06
6.72750549094819e-07
4.21335605033089e-07
2.61024255350491e-07
1.59991681727985e-07
9.70425500353974e-08
5.82584333345283e-08
3.46234072747727e-08
2.03740230874361e-08
1.18729950945275e-08
6.85329914759787e-09
3.91898172970555e-09
2.22053683934713e-09
1.24689458333434e-09
6.94005750487084e-10
3.82940466668279e-10
2.09510750669956e-10
1.13673416015947e-10
6.11728104592201e-11
3.26567482694582e-11
1.7296935416977e-11
9.0910182426515e-12
4.74206104032744e-12
2.45525041759464e-12
1.26200184249569e-12
6.44050523012717e-13
3.26388294169515e-13
1.64271255411913e-13
8.21215944058798e-14
4.07828119196081e-14
2.0122176309792e-14
9.86514616533235e-15
4.80634032846684e-15
2.32733238638089e-15
1.12017159005498e-15
5.35970862264707e-16
2.54961991593533e-16
1.20596145406339e-16
5.67231280251584e-17
2.65338150428047e-17
1.23451116031153e-17
5.71331514469665e-18
2.63039069560006e-18
1.20484562739924e-18
5.49111901587223e-19
2.49027246263684e-19
1.12390294691854e-19
5.04779667762398e-20
2.26101683973903e-20
9.64574776031276e-21
