2.70519636830358e-20
1.50810616864035e-19
6.80037131281915e-19
2.74131588710218e-18
1.02576109097498e-17
3.62877182102572e-17
1.22631151244781e-16
3.98446694974403e-16
1.25006547576578e-15
3.79834674569654e-15
1.12023036383491e-14
3.21208031639776e-14
8.96569426470446e-14
2.4385723423513e-13
6.4683293791673e-13
1.67432727891319e-12
4.23173948768301e-12
1.04479008621401e-11
2.52082428976783e-11
5.94576927012446e-11
1.37137177415664e-10
3.09384410801722e-10
6.82872183397491e-10
1.47492281707141e-09
3.11795729000645e-09
6.45232819936888e-09
1.3073019767428e-08
2.59364477368701e-08
5.03937827548343e-08
9.59019653170451e-08
1.78776415800348e-07
3.26489714396406e-07
5.84179596132749e-07
1.02418610420793e-06
1.75955260352441e-06
2.96243814476451e-06
4.8882175238282e-06
7.90559342845744e-06
1.25322161846768e-05
1.9474032251284e-05
2.96648586916288e-05
4.43006098470942e-05
6.48604305430051e-05
9.31051251508658e-05
0.000131042265063118
0.000180847835812452
0.000244736829842501
0.000324780169044955
0.000422672724232187
0.00053946641190945
0.000675292207517381
0.000829103699143968
0.000998480500744168
0.00117953052521364
0.00136692442627393
0.00155408311081013
0.00173352107301838
0.0018973267342879
0.00203773937904261
0.00214776452132103
0.00222175917257029
0.00225591794873974
0.00224860097001074
0.00220046380443031
0.00211437522790536
0.00199513606204306
0.0018490372280181
0.00168331344654729
0.00150555812590094
0.00132316412541591
0.00114284529816384
0.000970277490493229
0.000809878308717031
0.000664725841706117
0.000536600484397919
0.000426122887680533
0.000332955566585885
0.000256035484325337
0.000193808878832487
0.000144446193025011
0.000106022646337014
7.66574113748969e-05
5.46105980458576e-05
3.83418006141961e-05
2.65367273100288e-05
1.81095956724277e-05
1.21888985283255e-05
8.09324295623353e-06
5.30262972218608e-06
3.42908884277283e-06
2.18923662169414e-06
1.38019535503517e-06
8.59466665785978e-07
5.28766676055196e-07
3.21477587046882e-07
1.93193658808641e-07
1.14787174775857e-07
6.74456126107371e-08
3.91989115348542e-08
2.25399500499388e-08
1.2825894584367e-08
7.2239328714159e-09
4.0281436646995e-09
2.22419888934932e-09
1.21638255650595e-09
6.58996892031919e-10
3.5375298775872e-10
1.88193922520896e-10
9.92391793601736e-11
5.18817233131655e-11
2.68954647555366e-11
1.38278649493185e-11
7.05210598065726e-12
3.56816233669165e-12
1.79145192659924e-12
8.92629993543582e-13
4.41481838511384e-13
2.16768849337968e-13
1.0567920383878e-13
5.1162902542989e-14
2.46012152895287e-14
1.17504608825945e-14
5.57583451561739e-15
2.62893396093026e-15
1.2317456420402e-15
5.7357373129869e-16
2.65483933477299e-16
1.22157618073285e-16
5.58839908163265e-17
2.54207723659841e-17
1.14993477888626e-17
5.17354523593532e-18
2.3151551731679e-18
1.03060879164792e-18
4.56429179034707e-19
2.01122939852837e-19
8.8186117309654e-20
3.84795468524348e-20
1.67105398918071e-20
7.2230483311014e-21
3.10783394804248e-21
1.33118722713709e-21
5.67675853649975e-22
2.41033085153294e-22
1.01906511138284e-22
4.29053230891225e-23
1.79887614544879e-23
7.52470666843107e-24
3.01548633448533e-24
