8.69822861791334e-20
4.84278650478759e-19
2.17970699521261e-18
8.76606219106454e-18
3.2707781697667e-17
1.1531945117364e-16
3.8820225373519e-16
1.25578347326681e-15
3.92042799847223e-15
1.18472068132473e-14
3.47303521746146e-14
9.89290858871627e-14
2.74162559864608e-13
7.39934439659205e-13
1.94637312229656e-12
4.99333071422948e-12
1.25003328064896e-11
3.05505098621034e-11
7.29206692022792e-11
1.70045354482498e-10
3.87515403853252e-10
8.63249359029722e-10
1.88021359844718e-09
4.00490134317229e-09
8.34394378284869e-09
1.70066753494487e-08
3.39158693994042e-08
6.61885919031747e-08
1.26420068460818e-07
2.36348606516746e-07
4.32555221847152e-07
7.75041928198072e-07
1.35970361031261e-06
2.33580176331012e-06
3.92947855393836e-06
6.47400673799371e-06
1.04467338429233e-05
1.65114418223443e-05
2.5563056118079e-05
3.87693578406694e-05
5.76017958089884e-05
8.3845073094416e-05
0.000119573502144029
0.000167081927451287
0.000228761058760372
0.000306911911424084
0.000403501871398654
0.000519875222318852
0.000656442572493688
0.000812384566011215
0.000985413145414446
0.00117163601601013
0.00136556496176699
0.00156029554714147
0.00174786536189285
0.00191977289064127
0.00206761329995975
0.00218376564308827
0.00226205264608233
0.00229829253970137
0.00229067342178868
0.00223990298916833
0.00214911650784863
0.00202355840344105
0.00187008222649596
0.00169653511329681
0.00151110309019263
0.00132169180002864
0.0011354048706923
0.000958162370390344
0.000794478707954385
0.00064739705404752
0.000518559211069418
0.000408377890568759
0.000316273178982332
0.000240935937523528
0.000180586471567758
0.000133205104028379
9.67204222166434e-05
6.91494240301404e-05
4.86905760619659e-05
3.3775465627913e-05
2.30872895687427e-05
1.55551970235329e-05
1.03329726428011e-05
6.76922077328259e-06
4.3745372596243e-06
2.78947039028717e-06
1.75559070796967e-06
1.09081650244463e-06
6.69300604747665e-07
4.05643947405443e-07
2.4290421900809e-07
1.43748095536282e-07
8.40921406289078e-08
4.86410264459493e-08
2.78259618331637e-08
1.57471574779989e-08
8.81782145974562e-09
4.88684250965087e-09
2.68103304311589e-09
1.45639676779209e-09
7.83530545403822e-10
4.17564746059571e-10
2.20482623752314e-10
1.15370967967429e-10
5.98380313466713e-11
3.07681664382675e-11
1.56874541521393e-11
7.93251417849572e-12
3.97883401833467e-12
1.97999674547661e-12
9.77714424160579e-13
4.79150322645787e-13
2.33085491181858e-13
1.1256724884192e-13
5.39796542942714e-14
2.57060599929767e-14
1.21588564798369e-14
5.71300362869568e-15
2.66693199080113e-15
1.23707087035858e-15
5.70256687275114e-16
2.61273768162433e-16
1.18994205826637e-16
5.3878305761042e-17
2.42556142273567e-17
1.08585442757163e-17
4.83438620609975e-18
2.14076803360394e-18
9.42981738998898e-19
4.13226344605076e-19
1.80164086203597e-19
7.81604853632042e-20
3.37432765409013e-20
1.44980408745001e-20
6.20002556078017e-21
2.63923905459889e-21
1.11841521307321e-21
4.71849521220408e-22
1.98205715851413e-22
8.29041375802985e-23
3.45316951122974e-23
1.43243418531009e-23
5.91805588271033e-24
2.43536664590602e-24
9.98223374912137e-25
4.08271508707284e-25
1.60262519945544e-25
