4.85028160847842e-20
2.70220694158753e-19
1.2173755634662e-18
4.90169623224631e-18
1.83155493707902e-17
6.46860285045263e-17
2.18181730909394e-16
7.07363472339854e-16
2.21383964211961e-15
6.7086181546292e-15
1.97266231835856e-14
5.63791393389255e-14
1.56812325444922e-13
4.24885343635863e-13
1.122385046853e-12
2.89251695446358e-12
7.27630742236626e-12
1.78750474778742e-11
4.28997927899539e-11
1.00619608559262e-10
2.30705760809942e-10
5.17245072261892e-10
1.13422058867655e-09
2.43305840152628e-09
5.10673188647884e-09
1.04892181026872e-08
2.10872569343947e-08
4.14988003649849e-08
7.99550492755046e-08
1.508352983917e-07
2.78647112016276e-07
5.04132388781675e-07
8.93333928460118e-07
1.55060036475754e-06
2.63656006211638e-06
4.39197263987297e-06
7.16796644179243e-06
1.14623828044415e-05
1.79606865646113e-05
2.75781409047296e-05
4.14977649180887e-05
6.11962276489205e-05
8.84476947681317e-05
0.000125294313893899
0.000173972187066742
0.000236783998310208
0.000315914403826255
0.00041319190925047
0.00052981072330638
0.000666036783136591
0.000820931966057042
0.00099213722934333
0.00117575688614568
0.00136638082861588
0.00155726872808249
0.00174070100175432
0.00190847808205712
0.00205252593472187
0.00216554611007075
0.00224163685708526
0.00227681076636406
0.00226934491938462
0.00221992028120746
0.00213153473828004
0.0020092040557862
0.00185949203961361
0.00168993094375039
0.001508402816383
0.00132255120431122
0.00113928164378465
0.000964391463243812
0.0008023482884259
0.000656216004440797
0.000527709863594479
0.000417350877549006
0.000324684263126812
0.000248527038230943
0.000187214584327273
0.000138823398687031
0.000101355640205625
7.28790048933694e-05
5.16219839681047e-05
3.60291814545251e-05
2.47840468584615e-05
1.68073628411246e-05
1.12395353392662e-05
7.41362691149711e-06
4.82457304109448e-06
3.09845267208693e-06
1.96426614914346e-06
1.22952223924064e-06
7.6008718553403e-07
4.6418476514727e-07
2.80109119203312e-07
1.67062808068906e-07
9.85041311442674e-08
5.74322489226848e-08
3.31197449247014e-08
1.88951096428593e-08
1.06670162307792e-08
5.96026706201327e-09
3.29696287697705e-09
1.80585347084667e-09
9.79633820659166e-10
5.26439748506355e-10
2.80301977731872e-10
1.47905147212965e-10
7.73579946276461e-11
4.01120780094988e-11
2.06240772725055e-11
1.05167799168473e-11
5.31958260487427e-12
2.66952884255051e-12
1.32931504060779e-12
6.56945911316446e-13
3.22262732607389e-13
1.56941562244794e-13
7.58892391561458e-14
3.64419840464674e-14
1.73806900674594e-14
8.23449915956356e-15
3.87590339391632e-15
1.81273008255114e-15
8.42510146846521e-16
3.89183860266156e-16
1.78700856067361e-16
8.15724713557345e-17
3.70217941918209e-17
1.67077707599658e-17
7.49852440644973e-18
3.34716527178543e-18
1.48617212842117e-18
6.56443031426928e-19
2.88472986840955e-19
1.26135261685666e-19
5.48824007504639e-20
2.37648907169707e-20
1.02419945955125e-20
4.39357577614704e-21
1.87617971068481e-21
7.97609666865087e-22
3.37599691627352e-22
1.42280188436962e-22
5.97106514825636e-23
2.49549946809791e-23
1.0387130139293e-23
4.30589193856673e-24
1.78097817586244e-24
7.06364174397721e-25
