8.42058346908815e-21
4.70025104538636e-20
2.12318225470423e-19
8.57811276678075e-19
3.21860315850203e-18
1.14229985355709e-17
3.87465282648916e-17
1.26423716350083e-16
3.98506492696367e-16
1.21720331709191e-15
3.6104977254654e-15
1.04175715821078e-14
2.92763704103025e-14
8.02155411485341e-14
2.14458942589866e-13
5.59840191880704e-13
1.42777401063764e-12
3.55904804318424e-12
8.67483176810589e-12
2.06819434534952e-11
4.82453988502177e-11
1.10146414943816e-10
2.4617136186694e-10
5.38703039010346e-10
1.15448689265993e-09
2.42343539282647e-09
4.98362322270957e-09
1.00413675025515e-08
1.98258517413314e-08
3.83632164589767e-08
7.27597277967688e-08
1.3527110861746e-07
2.46546396129384e-07
4.40565576393113e-07
7.71927779887775e-07
1.32626529012314e-06
2.23461601468012e-06
3.69252354473882e-06
5.98437428749975e-06
9.51294369592002e-06
1.48332371787961e-05
2.26884408761331e-05
3.40441764510286e-05
5.01154168965226e-05
7.23786270636488e-05
0.000102560332083698
0.000142592877193029
0.000194529139688104
0.000260410819183314
0.000342089872056602
0.000441009509718839
0.000557959319710117
0.000692827377241336
0.000844379185255043
0.00101009724040577
0.00118611446429685
0.00136726870448029
0.00154729392548436
0.00171914759194218
0.00187545517938046
0.0020090346161094
0.00211344894150817
0.00218352740471987
0.0022157955044038
0.00220876354164913
0.00216303998251306
0.00208125773389984
0.00196782481597387
0.00182853210863082
0.00167006659246486
0.00149948663154602
0.00132371564273291
0.00114910272758149
0.000981085469852079
0.000823973792071698
0.000680857318462263
0.000553624518483797
0.000443071658127388
0.000349074001669363
0.00027079064978735
0.000206877063343694
0.000155684508129459
0.000115432066438348
8.43433366877784e-05
6.07456142380798e-05
4.31336996582184e-05
3.02033348864854e-05
2.08607082566009e-05
1.42147527230043e-05
9.55842239830896e-06
6.34410743735426e-06
4.15712443145902e-06
2.69001280752892e-06
1.719312592485e-06
1.08566141646276e-06
6.77442316919767e-07
4.17818018595713e-07
2.54763173986195e-07
1.53609308246923e-07
9.16063339266011e-08
5.40449469441896e-08
3.15500175935923e-08
1.82285037823241e-08
1.0425573602164e-08
5.90385384764353e-09
3.31089683575731e-09
1.83914641709563e-09
1.01212048490788e-09
5.51920407197573e-10
2.98284373329997e-10
1.59799068457442e-10
8.48762031410599e-11
4.47035748371563e-11
2.33516843173055e-11
1.21000521146319e-11
6.22044090386521e-12
3.17314727242332e-12
1.60643472072226e-12
8.07247723591188e-13
4.02705008664622e-13
1.9946547343217e-13
9.81095941721797e-14
4.7926901037462e-14
2.32557831092752e-14
1.12104887743829e-14
5.36929051167408e-15
2.55542701094629e-15
1.20869964496162e-15
5.68243458588277e-16
2.65560301546854e-16
1.23382847102511e-16
5.69978393924007e-17
2.61831455861043e-17
1.19616682474451e-17
5.43517756837824e-18
2.45658733205261e-18
1.10456307048676e-18
4.94118334419716e-19
2.19935242941645e-19
9.74142212577301e-20
4.29390932332376e-20
1.8837561700563e-20
8.22574490431977e-21
3.57553503256985e-21
1.54723988251752e-21
6.66594272951462e-22
2.85923107571136e-22
1.22342380337964e-22
5.00574628255256e-23
