4.56820066384284e-22
2.55738394028614e-21
1.15996581449559e-20
4.71113643397392e-20
1.77895137225468e-19
6.36098865353472e-19
2.17626495342735e-18
7.17021497447799e-18
2.28485636059288e-17
7.06330181990055e-17
2.12295466229509e-16
6.21418059438372e-16
1.77378060479163e-15
4.94236294638058e-15
1.3453897069061e-14
3.58043625571046e-14
9.32061523775187e-14
2.37455445724206e-13
5.92279285955807e-13
1.44687700802036e-12
3.46283365177783e-12
8.12166162819868e-12
1.86713831802382e-11
4.20843351812256e-11
9.30168307737798e-11
2.01639886251136e-10
4.28780554431828e-10
8.94543341063095e-10
1.83119279829898e-09
3.67863947520301e-09
7.25288566145674e-09
1.403625254933e-08
2.66655912782319e-08
4.97337163230187e-08
9.10725431668464e-08
1.63755379866826e-07
2.89139661828485e-07
5.01365063607641e-07
8.53813843680497e-07
1.42811018756545e-06
2.3462524329134e-06
3.78639492606908e-06
6.0025752564017e-06
9.34826642544108e-06
1.43029803352864e-05
2.15002424721363e-05
3.17541260192081e-05
4.60802685197606e-05
6.57060641293389e-05
9.20637760315668e-05
0.000126759953905072
0.000171515097408966
0.000228069261314499
0.000298052409099418
0.000382822739274387
0.000483281608333288
0.000599679433390733
0.000731432191570787
0.000876971803128507
0.0010336547717935
0.00119775117418026
0.00136453010446212
0.00152844826576638
0.0016834365015616
0.00182326621998281
0.00194196580366586
0.00203424819493247
0.00209590655975104
0.0021241362592897
0.00211774839376538
0.00207725206786291
0.00200479756632494
0.00190398859444402
0.00177958627437864
0.00163713863390835
0.00148257546930483
0.00132180916085639
0.00116037761750734
0.00100315713470591
0.00085416216917506
0.00071643763478471
0.000592038924501403
0.000482086690414671
0.000386878163473524
0.000306034614311099
0.000238665124889821
0.000183529512127004
0.000139187219240034
0.000104123471738518
7.68483096206675e-05
5.59677755562434e-05
4.02292944723738e-05
2.85450509632326e-05
1.99980345931519e-05
1.38355509167556e-05
9.45460055960148e-06
6.38282117740743e-06
4.25784862433112e-06
2.80712060059442e-06
1.82940712571979e-06
1.17875344495672e-06
7.5107517426104e-07
4.73342726849015e-07
2.95109617789809e-07
1.82049382334714e-07
1.11141269518484e-07
6.71619187909294e-08
4.01802712007848e-08
2.3802586457419e-08
1.39648237915059e-08
8.11566762971002e-09
4.67268933448587e-09
2.66586825952262e-09
1.50734854352335e-09
8.44821264874552e-10
4.69422452211406e-10
2.58631397628281e-10
1.41314350179833e-10
7.65855667902001e-11
4.11746583515809e-11
2.19634718567953e-11
1.1625834656482e-11
6.10748554674449e-12
3.18476690715268e-12
1.64865677930718e-12
8.47382546320118e-13
4.32497376005819e-13
2.19229487095357e-13
1.10377770317282e-13
5.52059478226623e-14
2.74324760294839e-14
1.35447551719043e-14
6.64592323181521e-15
3.24091301140526e-15
1.57092738163684e-15
7.56953565430811e-16
3.62621391316706e-16
1.72724631450309e-16
8.18118871745708e-17
3.85374914251753e-17
1.80550212919456e-17
8.4139860594898e-18
3.90063706924842e-18
1.79903294562741e-18
8.25565176552846e-19
3.76974802689323e-19
1.71283980803263e-19
7.76110536968472e-20
3.34583689912592e-20
