2.43597806298049e-24
1.37000883410314e-23
6.25421784116679e-23
2.561083803518e-22
9.76761712645834e-22
3.53366057089387e-21
1.22527651675461e-20
4.09848534081159e-20
1.32821442424752e-19
4.18300552760579e-19
1.28307279791497e-18
3.83962491803949e-18
1.1224575947365e-17
3.20883185039401e-17
8.97813634415207e-17
2.46030727684068e-16
6.60706394525344e-16
1.73963059096199e-15
4.49280547788392e-15
1.13854004856347e-14
2.83196045579285e-14
6.91601409574638e-14
1.65867911395935e-13
3.9075388360334e-13
9.04410527286916e-13
2.05697036517239e-12
4.59792900676581e-12
1.01026161568181e-11
2.18224262162216e-11
4.63473957414511e-11
9.67948238901893e-11
1.98806736533421e-10
4.01611896529867e-10
7.98031254162898e-10
1.5599465624034e-09
2.9999373656401e-09
5.67624575923143e-09
1.05678963777095e-08
1.9360838406828e-08
3.49056859985509e-08
6.19342837238666e-08
1.08156844170669e-07
1.85903890242848e-07
3.14526248699067e-07
5.23818036395161e-07
8.58774719519544e-07
1.3860293828378e-06
2.20230897055615e-06
3.44519749688581e-06
5.30636093295833e-06
8.0471543853446e-06
1.20161768288426e-05
1.76678541513063e-05
2.55805292730716e-05
3.64718578002628e-05
5.1208621815077e-05
7.0807491078226e-05
9.642291851179e-05
0.000129318410337108
0.000170818009211757
0.000222236082268732
0.000284785453777552
0.00035946649767813
0.000446942814323829
0.000547412232905536
0.000660484670889136
0.000785080348648363
0.00091936251935565
0.00106071785229899
0.00120579471567358
0.00135060491880494
0.00149068836590658
0.00162133319487898
0.00173783718317898
0.0018357904432692
0.00191135558484049
0.00196152025684882
0.00198429862509178
0.00197886280207422
0.00194559201988643
0.00188603557205884
0.00180279418107615
0.0016993323638441
0.00157974058705846
0.00144846982441102
0.00131006221560431
0.00116889994930693
0.00102899067212415
0.000893802348911162
0.000766154385166815
0.000648165786583631
0.000541255870798895
0.000446189055906368
0.000363152781839139
0.000291856690291392
0.000231641615989983
0.000181588412325958
0.000140618768925693
0.000107582599598308
8.13289591215279e-05
6.07595416727818e-05
4.48654717151809e-05
3.27492588721876e-05
2.36344646528722e-05
1.68658856773557e-05
1.1902989277052e-05
8.30904593060632e-06
5.73798547834335e-06
3.92054082599489e-06
2.65079361558369e-06
1.7738397834935e-06
1.17496915834169e-06
7.70507832335999e-07
5.00300416815079e-07
3.21700929308375e-07
2.04882802274786e-07
1.29257021356176e-07
8.079072409512e-08
5.00368960533641e-08
3.07116380385096e-08
1.86836207484609e-08
1.12674496185613e-08
6.73685437396369e-09
3.99406757272304e-09
2.34833164259983e-09
1.36945434819837e-09
7.922046403548e-10
4.54658921244532e-10
2.58909866255131e-10
1.46312445501295e-10
8.20612545065909e-11
4.56849187795009e-11
2.52486502742506e-11
1.38543460295784e-11
7.54861996044991e-12
4.0844448205212e-12
2.19498664501918e-12
1.17168994990115e-12
6.21331342249544e-13
3.27348594081914e-13
1.71364342496637e-13
8.91453047545772e-14
4.60881190018027e-14
2.3682941469131e-14
1.20970976135472e-14
6.14285203542397e-15
3.10092877321778e-15
1.56029248439617e-15
7.39213527576069e-16
