1.42589566187423e-22
7.99122004848148e-22
3.6301728592533e-21
1.47725680880404e-20
5.59143077660221e-20
2.00489306419859e-19
6.88121439879806e-19
2.27536899463901e-18
7.27990388332075e-18
2.26049656199485e-17
6.82731867932007e-17
2.00905868879449e-16
5.7676093483982e-16
1.6169908923265e-15
4.43087736121491e-15
1.18751664902949e-14
3.11462334879717e-14
7.99828388376026e-14
2.01183703961936e-13
4.95847879926461e-13
1.19784080149817e-12
2.83702996108998e-12
6.58944424150753e-12
1.50123408301272e-11
3.35542944273165e-11
7.35910755025058e-11
1.5839807624494e-10
3.34646850879248e-10
6.94056445730281e-10
1.41328105989982e-09
2.82578001914665e-09
5.54844010585783e-09
1.06996494550749e-08
2.02663078802098e-08
3.77071553810424e-08
6.89210784974537e-08
1.2376343281393e-07
2.18361139937035e-07
3.78555797615507e-07
6.44886160908848e-07
1.07959354084526e-06
1.77617420790547e-06
2.87198107044458e-06
4.56425389528196e-06
7.12968978296953e-06
1.09472127315624e-05
1.6522935797628e-05
2.45154325516698e-05
3.57583912186367e-05
5.12766181972174e-05
7.22903562542138e-05
0.000100202216335462
0.000136560960111489
0.000182997181827252
0.000241127832834114
0.000312429593712188
0.000398085218565471
0.000498811808218767
0.00061468492393904
0.00074497674263945
0.000888029194396355
0.00104118338621865
0.00120078400996846
0.00136227166853384
0.00152036746606686
0.00166934368049443
0.00180336322600728
0.00191686055684244
0.00200492930569031
0.00206367863686958
0.00209052180124972
0.00208436673160515
0.00204568894749572
0.00197648010368277
0.00188007934014705
0.00176090719895687
0.00162413153189586
0.00147530033407348
0.00131997731226215
0.00116341248416139
0.00101027309566641
0.000864450954865043
0.000728952395546044
0.000605867885336552
0.000496410866828622
0.000401010420197112
0.000319439962321167
0.000250964246056474
0.000194488896419276
0.000148699963304213
0.000112184803566792
8.35294308087212e-05
6.13908397089233e-05
4.45454494875512e-05
3.19166121008005e-05
2.25851252592757e-05
1.57870013542073e-05
1.09025420859326e-05
7.44023630495678e-06
5.01829906311195e-06
3.34593331757537e-06
2.20571289867256e-06
1.43790937025042e-06
9.27138226898931e-07
5.91380727627567e-07
3.73231572348667e-07
2.3310758678959e-07
1.44104972995545e-07
8.81907592638753e-08
5.34398263566784e-08
3.20686244396471e-08
1.90609087901125e-08
1.12235073324361e-08
6.54799144895049e-09
3.78576755850257e-09
2.16938642757887e-09
1.23232930862038e-09
6.94052311244543e-10
3.87615194345732e-10
2.14693564169778e-10
1.17953889593775e-10
6.42901954826792e-11
3.47679879202145e-11
1.865858273165e-11
9.93808796206054e-12
5.25426258916984e-12
2.75780775178317e-12
1.43719887837637e-12
7.43749489037689e-13
3.82250941268893e-13
1.95135620331549e-13
9.89563315067281e-14
4.98564688631282e-14
2.49586517418853e-14
1.24162979727901e-14
6.13879617311957e-15
3.01676887824321e-15
1.47372092333527e-15
7.1572881011082e-16
3.45610132946655e-16
1.65948325557904e-16
7.9241101423219e-17
3.7632339042612e-17
1.77764879511562e-17
8.35304322288471e-18
3.90479975010941e-18
1.81594177873365e-18
8.42085560920926e-19
3.70719765591853e-19
