4.35457043166593e-24
2.44787719815435e-23
1.11673786964719e-22
4.56914577660519e-22
1.7408262927657e-21
6.29029119530333e-21
2.17812693721454e-20
7.27444542857922e-20
2.35340354172097e-19
7.39762771602343e-19
2.26440959409878e-18
6.76107271741495e-18
1.97170936840015e-17
5.62197157457551e-17
1.5686235059261e-16
4.28582421191202e-16
1.14732693786913e-15
3.01085727463732e-15
7.74864179945329e-15
1.95637067508956e-14
4.84735230528947e-14
1.17898221835217e-13
2.81557374935529e-13
6.60358719183563e-13
1.52136367079275e-12
3.44353774144712e-12
7.65890808378058e-12
1.6741119424265e-11
3.59681295410295e-11
7.59665397032765e-11
1.5774268378051e-10
3.22066869688229e-10
6.46631799673171e-10
1.27680177837904e-09
2.47961257141224e-09
4.73668110920975e-09
8.90078279904664e-09
1.64542347251636e-08
2.99262556109816e-08
5.35525675792916e-08
9.42948188768489e-08
1.63380369046618e-07
2.78573587435783e-07
4.67444728435413e-07
7.71954918624387e-07
1.2547146445215e-06
2.00728202766523e-06
3.1608246056304e-06
4.89934880881194e-06
7.47547823871319e-06
1.12284124483203e-05
1.6603210257165e-05
2.41699231320687e-05
3.46403905138019e-05
4.88797713670749e-05
6.79092344484911e-05
9.28958082664488e-05
0.000125125366368805
0.000165955258328585
0.000216744320744124
0.000278759972018351
0.000353064756240315
0.000440387865269812
0.000540990500284559
0.00065453697645227
0.000779985694989724
0.000915514978262437
0.00105849785989459
0.00120553701754748
0.0013525661859294
0.0014950179678027
0.00162805065467368
0.00174681939273066
0.00184677080409336
0.00192393596074808
0.0019751951442454
0.00199848947695611
0.00199295919941479
0.00195899555677981
0.00189820202978345
0.00181326985021269
0.00170778117636869
0.00158595991003997
0.00145239415630017
0.00131175540967198
0.00116853777749191
0.00102683639353525
0.000890178382561143
0.000761413198464251
0.000642662754587819
0.000535326236484191
0.000440130351715215
0.000357213280679388
0.000286229744045674
0.000226465184589403
0.000176948723579348
0.000136556881736094
0.000104102647173946
7.84069833079223e-05
5.83520464545929e-05
4.29170766405782e-05
3.11990827226478e-05
2.24210882479297e-05
1.59309141893025e-05
1.11933533220646e-05
7.77824963352272e-06
5.3465365934781e-06
3.63579331091456e-06
2.44640762835871e-06
1.62902756884426e-06
1.07365535831044e-06
7.00494777941328e-07
4.52496162557755e-07
2.89441652160618e-07
1.83361879950295e-07
1.15059985210484e-07
7.15272736512635e-08
4.40570545455845e-08
2.6891772856213e-08
1.62684711832675e-08
9.7557323031802e-09
5.79990174451776e-09
3.41892924973268e-09
1.99861272554252e-09
1.15876617926049e-09
6.66423619520505e-10
3.80233455981283e-10
2.15254773268082e-10
1.20924437064041e-10
6.74201366617829e-11
3.73107555874492e-11
2.0497507088466e-11
1.11800432793123e-11
6.05498875715459e-12
3.25657974459385e-12
1.73955771130154e-12
9.22983778090867e-13
4.86492200696002e-13
2.54760388459761e-13
1.32558898782647e-13
6.85413639492513e-14
3.52215549873667e-14
1.79895565061984e-14
9.1333885169301e-15
4.60983535213496e-15
2.313262972137e-15
1.15409341341434e-15
5.73944524110338e-16
2.6908519414604e-16
