8.06084951603292e-11
4.27867167870572e-10
1.81834183702577e-09
6.83102488543039e-09
2.35509306523201e-08
7.55852224292454e-08
2.27311382795911e-07
6.42340414797348e-07
1.70801311447802e-06
4.27740481070335e-06
1.00952610239614e-05
2.24665427051158e-05
4.71661702218303e-05
9.34457606585249e-05
0.000174763000485303
0.000308600414388523
0.000514600016619553
0.000810428853423776
0.00120547345595013
0.00169359174301173
0.00224733933528831
0.00281665391177107
0.00333427237491022
0.00372801700217756
0.00393719021932863
0.00392801324861548
0.00370267754103925
0.00329863323210032
0.00277840117587561
0.00221372278122496
0.0016695833456702
0.00119291741169085
0.000808291993686392
0.000519998167085843
0.000318064611494673
0.000185266968681196
0.000102948834395284
5.46808148983923e-05
2.78200334178864e-05
1.35883688383553e-05
6.38685834738447e-06
2.89581347896595e-06
1.26964762663519e-06
5.39618489435128e-07
2.22854983686726e-07
8.96386304402993e-08
3.51935541311633e-08
1.35153383602684e-08
5.08656387984549e-09
1.8794372270029e-09
6.82876986058999e-10
2.44348304144431e-10
8.6219935317357e-11
3.00371998006479e-11
1.03426939885784e-11
3.52331545411125e-12
1.18847745764064e-12
3.9727497781245e-13
1.31691313482757e-13
4.33174492760123e-14
1.41467096371846e-14
4.58941892736865e-15
1.47969145064111e-15
4.74327556637602e-16
1.51232439498554e-16
4.79757379297926e-17
1.51476694608108e-17
4.76148984932963e-18
1.49048490782971e-18
4.6473484428788e-19
1.4436852575424e-19
4.46908329332575e-20
1.37887563116761e-20
4.24100014713545e-21
1.30052345459148e-21
3.97685577627264e-22
1.21281240664478e-22
3.68922983440396e-23
1.11948526455472e-23
3.38914707304453e-24
1.02375814907451e-24
3.08590007431761e-25
9.28290233213614e-26
2.78702302879021e-26
8.35193909657774e-27
2.49837191492084e-27
7.46072352573606e-28
2.22427341052377e-28
6.62073759353604e-29
1.96771245418556e-29
5.83953933398847e-30
1.73053563717149e-30
5.12141047007338e-31
1.513654032565e-31
4.46798292819364e-32
1.31723443745254e-32
3.8788165620362e-33
1.14087228103168e-33
3.35191228237281e-34
9.83742711063754e-35
2.88415363675931e-35
8.44728743718805e-36
2.47167616236168e-36
7.22526999151247e-37
2.11016803078014e-37
6.15732597859848e-38
1.79510807512191e-38
5.22905398633475e-39
1.52194864306999e-39
4.42620036201127e-40
1.28625119728238e-40
3.73502263265611e-41
1.08378246252141e-41
3.14253994921019e-42
9.10578412985349e-43
2.63669252948115e-43
7.62982665750804e-44
2.20642957116597e-44
6.3766501496678e-45
1.84174241702714e-45
5.316249886055e-46
1.53365709223414e-46
4.42184489392064e-47
1.27419783456052e-47
3.66972827117346e-48
1.05633097983259e-48
3.03906778550295e-49
8.7389658478868e-50
2.51167730367801e-50
7.21533475852336e-51
2.07177469316157e-51
5.94601995071751e-52
1.70573776943433e-52
4.89107552071288e-53
1.40186655744247e-53
4.01627155672687e-54
1.15015750209168e-54
3.29240360895513e-55
9.42093205346325e-56
2.69465496503726e-56
7.70449694153808e-57
2.20201607009333e-57
6.29122049031746e-58
1.79676225837655e-58
5.12968352309625e-59
1.46399014867254e-59
4.17660630067663e-60
1.19200158456663e-60
3.33692628196998e-61
