7.37079753479179e-27
4.16321204648302e-26
1.91200027275609e-25
7.88974522291021e-25
3.03704127604778e-24
1.11070383854816e-23
3.89942650476911e-23
1.32269839560101e-22
4.35363286566723e-22
1.39473855179131e-21
4.3586438598479e-21
1.33094716007088e-20
3.97641726957867e-20
1.16358824155963e-19
3.33773477523574e-19
9.39190781385615e-19
2.59394100463678e-18
7.03536504794058e-18
1.87464330401633e-17
4.90926562771814e-17
1.26392272221578e-16
3.2000312506089e-16
7.96943270472426e-16
1.9527123333353e-15
4.70841973313941e-15
1.11742428727021e-14
2.61059722001191e-14
6.00491730011228e-14
1.36013094047821e-13
3.03401211592653e-13
6.66605615504929e-13
1.44272687305877e-12
3.07615251703429e-12
6.46222823819888e-12
1.33766325529396e-11
2.7285901969152e-11
5.48518832910857e-11
1.08677374204879e-10
2.12232489342329e-10
4.08543945335469e-10
7.75259878546772e-10
1.45031859901666e-09
2.6749254484866e-09
4.86424463291185e-09
8.72161083557953e-09
1.5419722967618e-08
2.68828294930148e-08
4.62179767765031e-08
7.83614641303436e-08
1.31028900480272e-07
2.16083253326316e-07
3.51463628455535e-07
5.63845458972477e-07
8.92225776790836e-07
1.39263864952446e-06
2.14419684248978e-06
3.25661551939356e-06
4.87929040752846e-06
7.21186478128976e-06
1.05160179642647e-05
1.51279395356916e-05
2.14706238140824e-05
3.00647466757053e-05
4.15365046270542e-05
5.66204536669105e-05
7.61551467801879e-05
0.000101069307511572
0.000132356467652513
0.000171036503333272
0.00021810336402983
0.0002744595012654
0.000340839013584504
0.000417723217646475
0.000505254059969838
0.000603152281969072
0.000710648301616831
0.000826434147138878
0.000948644288105493
0.00107487175911707
0.00120222357908348
0.0013274162856258
0.0014469087100873
0.00155706530026712
0.00165433980240987
0.00173546638975876
0.00179764375667352
0.00183869754486695
0.0018572078219236
0.00185259109140051
0.00182513019494215
0.00177595003950943
0.00170694182853897
0.00162064286023599
0.00152008250246933
0.00140860730555948
0.00128969917837291
0.00116680011584922
0.00104315528260743
0.000921683617635491
0.000804881903827905
0.00069476484522691
0.000592840488955119
0.000500117621450996
0.00041713976362271
0.000344039180671253
0.000280603899190049
0.000226350991108705
0.000180600187213512
0.000142543039727585
0.000111304179916261
8.59925497732544e-05
6.57416986961646e-05
4.97392409004308e-05
3.7246323338346e-05
2.76084499261721e-05
2.0259266928262e-05
1.47189758091832e-05
1.05889522190146e-05
7.54396272383613e-06
5.32312960670347e-06
3.72053566017162e-06
2.57611290152923e-06
1.76723956815174e-06
1.20128819522339e-06
8.09226965173741e-07
5.4027499783925e-07
3.57544996376736e-07
2.34567382806874e-07
1.52572130149132e-07
9.84017526226459e-08
6.29360681213859e-08
3.99221901872868e-08
2.51186101288623e-08
1.56780310318761e-08
9.70845029007626e-09
5.96510644996882e-09
3.63700072198084e-09
2.20075680110326e-09
1.32175304027312e-09
7.87995685072245e-10
4.6637771426404e-10
2.74054441415376e-10
1.59906151639239e-10
9.26544797356681e-11
5.3319195820409e-11
3.04762822537397e-11
1.7301461607377e-11
9.78666649384491e-12
5.14138747180752e-12
