4.19386974922206e-26
2.3659425177762e-25
1.0847481420594e-24
4.46650995013286e-24
1.7148420309483e-23
6.25239878703858e-23
2.18742510130846e-22
7.39074042326273e-22
2.42206179773349e-21
7.72226557607009e-21
2.40068017723571e-20
7.28932347308223e-20
2.16458258330405e-19
6.29287812091233e-19
1.79259085452106e-18
5.00695415901045e-18
1.37208462868593e-17
3.69078285640821e-17
9.74924715102767e-17
2.52987212554126e-16
6.45120318678663e-16
1.61703977492241e-15
3.98517963159556e-15
9.65873263762399e-15
2.30263698971993e-14
5.40061982292586e-14
1.24637024713672e-13
2.8307545567743e-13
6.3280508608025e-13
1.39253619952807e-12
3.01692005702329e-12
6.43561639755203e-12
1.35185610177544e-11
2.79657637508448e-11
5.69794210626512e-11
1.14351344631383e-10
2.26063755508208e-10
4.40270399545904e-10
8.44768097660406e-10
1.59703276722473e-09
2.97492268778644e-09
5.46070622858822e-09
9.87773954362954e-09
1.76086080361136e-08
3.09366339301769e-08
5.35700974715389e-08
9.1430880491231e-08
1.53816612686776e-07
2.55077038954718e-07
4.16979176953675e-07
6.71968004479635e-07
1.06755366390786e-06
1.67206354801792e-06
2.58197646259599e-06
3.93099247510395e-06
5.90087129576143e-06
8.73388070277782e-06
1.27464258306392e-05
1.83430799798709e-05
2.60298209939392e-05
3.64248243852076e-05
5.02647252831904e-05
6.84039056851544e-05
9.18041770274828e-05
0.000121512303666926
0.000158623237284978
0.000204227768983851
0.000259344575989225
0.000324838304400035
0.000401327277016374
0.00048908645964746
0.000587953209397406
0.000697244773039458
0.000815697209301589
0.000941435127204129
0.00107198020928336
0.00120430390625677
0.00133492609457108
0.00146005719279153
0.00157577669062138
0.0016782367980209
0.00176387652940815
0.0018296294892865
0.00187310826352796
0.00189274977941903
0.00188790917326386
0.00185889426075765
0.00180693811850989
0.00173411291748941
0.0016431933418533
0.00153748209341281
0.00142061268967124
0.00129634578523646
0.001168374581509
0.00104015274665561
0.000914755019471045
0.000794776786972099
0.000682274900866643
0.000578748282617687
0.000485153813387672
0.000401950836920832
0.000329166405276093
0.000266473127745209
0.000213272001815539
0.000168773708268676
0.000132073311744275
0.000102214902712631
7.82442593949167e-05
5.92489597267394e-05
4.43864485980696e-05
3.29013295964987e-05
2.41336105082844e-05
1.75198251540272e-05
1.25889356617103e-05
8.95475037510764e-06
6.30633229398518e-06
4.3975720283491e-06
3.03679713002618e-06
2.07701358366694e-06
1.40714118470984e-06
9.44419182685164e-07
6.28021679295401e-07
4.13829051109214e-07
2.70244856054343e-07
1.74919175281733e-07
1.12231321399345e-07
7.13904722822435e-08
4.50265302796921e-08
2.816118457616e-08
1.74678452950037e-08
1.07469464189438e-08
6.55902157467287e-09
3.97147370924537e-09
2.38601359269248e-09
1.42249956011183e-09
8.41663040044294e-10
4.94287459284714e-10
2.88153509418606e-10
1.66770183572036e-10
9.58318051377367e-11
5.46819123842615e-11
3.0986025268289e-11
1.74389754611476e-11
9.74884432990208e-12
5.41384451733843e-12
2.98692585359087e-12
1.63716695755318e-12
8.94195716972539e-13
4.55571285126132e-13
