1.31569815967994e-26
7.42845375495657e-26
3.40970811523073e-25
1.40600151056929e-24
5.40757812087213e-24
1.97567941100848e-23
6.92823446003937e-23
2.34706097082243e-22
7.71428157908233e-22
2.46748933240096e-21
7.69788518521972e-21
2.34626590012379e-20
6.99589864389356e-20
2.04279467381165e-19
5.84641488086834e-19
1.64112811812721e-18
4.52103544881438e-18
1.22290225963036e-17
3.24929419749127e-17
8.48379251023163e-17
2.17738307079554e-16
5.49473710568753e-16
1.36375366256854e-15
3.32966047167696e-15
7.99884440359058e-15
1.89102700477089e-14
4.40031851806839e-14
1.00798227285033e-13
2.27334392647674e-13
5.04867222137351e-13
1.10418311582981e-12
2.37851175402876e-12
5.04678518008785e-12
1.05490099151185e-11
2.17237745507933e-11
4.4078059152064e-11
8.81267746140333e-11
1.73629742081886e-10
3.37133501656294e-10
6.4516415233818e-10
1.21690435824704e-09
2.26248889057336e-09
4.14652956094814e-09
7.49160045104318e-09
1.33437536741535e-08
2.34323540725248e-08
4.05702998260432e-08
6.92586211762282e-08
1.16581822099435e-07
1.93506889035324e-07
3.16728450994472e-07
5.11232593643435e-07
8.13777953887266e-07
1.2775084042261e-06
1.9779079493402e-06
3.02027426933474e-06
4.54881005107755e-06
6.75729822988729e-06
9.90112816100435e-06
1.43101695376826e-05
2.04016535412651e-05
2.86918329433985e-05
3.98047871944401e-05
5.44763647607923e-05
7.35509791663266e-05
9.79688749849574e-05
0.000128741635988803
0.000166914190744511
0.000213512427177993
0.000269476761901667
0.000335583572194027
0.00041235817458195
0.00049998484684914
0.000598221011149213
0.000706323867919216
0.000822998242944593
0.000946373979897095
0.00107401976316851
0.00120299779882088
0.0013299604651971
0.00145128616049543
0.00156324753001709
0.00166220152762781
0.00174478783640893
0.00180812045917348
0.00184995707535587
0.00186883215001426
0.00186414267120749
0.00183617948386727
0.00178610202220129
0.00171585926363309
0.00162806436278243
0.00152583416367511
0.00141260725223847
0.00129195519543387
0.00116740110796288
0.00104225786364227
0.000919495441312386
0.000801643468307622
0.000690731428504312
0.00058826563501646
0.000495239248853971
0.000412169564763198
0.000339155575690361
0.000275948448385082
0.000222027885496873
0.000176678245059338
0.000139059539547521
0.000108269848219887
8.33970771723598e-05
6.35592596800051e-05
4.79336189069783e-05
3.57753746000758e-05
2.64277620210432e-05
1.93249710723863e-05
1.39897505782154e-05
1.0027309586912e-05
7.116937126999e-06
5.00250116392491e-06
3.48271456360625e-06
2.40179824011772e-06
1.64094681478092e-06
1.11081878326127e-06
7.45133326842143e-07
4.95356735546731e-07
3.26397320693357e-07
2.13191788023723e-07
1.38051290968373e-07
8.86353739805166e-08
5.64313601988118e-08
3.56312200607646e-08
2.2314500935684e-08
1.38624240183558e-08
8.54349379824681e-09
5.22425738381439e-09
3.16996383994867e-09
1.90885191640383e-09
1.14084167883301e-09
6.76799859585934e-10
3.98586789859582e-10
2.33055201020194e-10
1.35304710660643e-10
7.80062982773705e-11
4.46635174596465e-11
2.53995401224785e-11
1.43480835642017e-11
8.05080168862119e-12
4.5011972925761e-12
2.34072566690711e-12
