2.38922276222484e-25
1.34614728810467e-24
6.16087872670777e-24
2.53101893761601e-23
9.69074798016788e-23
3.52193850709257e-22
1.22763172497241e-21
4.13068329044751e-21
1.34746716665392e-20
4.27441843935632e-20
1.32149711594833e-19
3.98858403778853e-19
1.1768058508655e-18
3.39764526598898e-18
9.60740665385009e-18
2.66251701390752e-17
7.23586080491277e-17
1.92936475919242e-16
5.04950465735561e-16
1.29763562456804e-15
3.2754081997997e-15
8.12286811649855e-15
1.97967340892727e-14
4.74258634425413e-14
1.11702304908761e-13
2.58710205950263e-13
5.8930720133072e-13
1.32042197715072e-12
2.91063145315887e-12
6.31278666522048e-12
1.34730584262776e-11
2.8298961952516e-11
5.85030850288079e-11
1.19050906032356e-10
2.38490633439391e-10
4.70360865788518e-10
9.13369619504995e-10
1.74642404042996e-09
3.28829620523322e-09
6.09731785565097e-09
1.11347476547625e-08
2.00272366761442e-08
3.54801028665361e-08
6.19148315810872e-08
1.06431973117665e-07
1.80234376580086e-07
3.00684284913199e-07
4.94208228942877e-07
8.00300428704615e-07
1.2768999612094e-06
2.00741722870187e-06
3.10964586614683e-06
4.74669938405872e-06
7.13993944731684e-06
1.05835996477359e-05
1.54604474559359e-05
2.22573733848981e-05
3.15792747190758e-05
4.41590593675671e-05
6.08611069270082e-05
8.26751857097297e-05
0.000110697748708483
0.000146097832054808
0.00019006555166804
0.000243742490077739
0.000308135071638187
0.000384014240115837
0.000471807182183337
0.000571489198979931
0.000682485766790368
0.000803595977550528
0.000932948577904174
0.00106800050059244
0.00120558503263284
0.00134201272054628
0.00147322311629926
0.00159498005008306
0.00170309793720399
0.00179368238342434
0.00186336567400673
0.00190951707055124
0.00193040939398162
0.00192532703849838
0.00189460594036797
0.00183960247490987
0.00176259498489945
0.00166662783460142
0.00155531280920221
0.00143260580899176
0.00130257785458861
0.00116919844336704
0.00103614655986385
0.000906660625785521
0.000783433972083719
0.000668557637506858
0.000563507987277103
0.000469173210923711
0.000385910439841697
0.000313624088853986
0.000251855984900403
0.000199878699091207
0.000156784979047174
0.000121568001842951
9.31890711176947e-05
7.06311524023085e-05
5.29381308965358e-05
3.92408057812293e-05
2.87713849048824e-05
2.08686404621459e-05
1.49759881471602e-05
1.06346326665545e-05
7.47365719738286e-06
5.19859193451218e-06
3.57963293546203e-06
2.44033745286836e-06
1.6473213413915e-06
1.10124055506702e-06
7.29154875258307e-07
4.78243655067413e-07
3.10762367867561e-07
2.00085249401843e-07
1.27663440892979e-07
8.07309149694713e-08
5.06047999258013e-08
3.14469326937388e-08
1.93756102404229e-08
1.18379989800809e-08
7.17301584574694e-09
4.31102056074329e-09
2.57019970106824e-09
1.52025058878124e-09
8.92231357251361e-10
5.19643617676102e-10
3.00365952102816e-10
1.72330960959723e-10
9.81506688060685e-11
5.54995830978055e-11
3.11602654681114e-11
1.73730198368959e-11
9.61965028929625e-12
5.29053278345549e-12
2.89028944858865e-12
1.56866424843686e-12
8.45881678422203e-13
4.53235154383404e-13
2.41333303141421e-13
1.27695925529747e-13
6.73372069837786e-14
3.3259760076979e-14
