4.26837572917689e-25
2.40385035204916e-24
1.09948645472755e-23
4.5133779931433e-23
1.72643809860849e-22
6.26746900982108e-22
2.18185157990835e-21
7.33087847999908e-21
2.38759064500944e-20
7.56060991083516e-20
2.33299934107968e-19
7.02693685614181e-19
2.06862183208175e-18
5.95817283995127e-18
1.68046516457637e-17
4.64443831784791e-17
1.2585699595342e-16
3.34561863317649e-16
8.72798733940674e-16
2.23536974566721e-15
5.62239195887493e-15
1.38915833244166e-14
3.37248433452468e-14
8.04660891915399e-14
1.88724418255477e-13
4.35185838404869e-13
9.86790521738258e-13
2.2006180992075e-12
4.82719070439196e-12
1.04166997818092e-11
2.21158395771262e-11
4.62021589016553e-11
9.49841846337048e-11
1.92181757088653e-10
3.82722309984793e-10
7.5024414946014e-10
1.44778102374653e-09
2.7505320238008e-09
5.14486913044603e-09
9.47554598577437e-09
1.71843577262943e-08
3.06892928787878e-08
5.39745405060556e-08
9.34893662733443e-08
1.59488060154636e-07
2.67982999993552e-07
4.43525734126373e-07
7.2307173607452e-07
1.16121478889834e-06
1.83708477105953e-06
2.86317217310554e-06
4.39625528729742e-06
6.6504420099632e-06
9.91208024428134e-06
1.45559287267021e-05
2.10615163916257e-05
3.00280749825433e-05
4.21858529524445e-05
5.84010827486836e-05
7.9671478503365e-05
0.000107109005965553
0.000141906914843561
0.000185288762888952
0.00023843845637153
0.000302412179717064
0.000378035393643094
0.000465790648916319
0.000565704496229128
0.000677243902137211
0.000799233908229491
0.000929808430344903
0.00106640482391426
0.00120581004552673
0.00134426203978776
0.00147760472589664
0.00160148920980984
0.0017116083096889
0.00180394690625867
0.00187502769867188
0.00192213115986253
0.0019434700671996
0.00193830283317713
0.0019069755532917
0.00185088953589317
0.00177239823142893
0.00167464405353096
0.00156135079983113
0.00143659066765832
0.00130454593722154
0.00116928429127165
0.001034563767346
0.000903679021823323
0.000779355566891046
0.000663693578670333
0.000558158344287331
0.000463610846689009
0.00038036962301138
0.000308293931986052
0.000246878321866867
0.000195349677383833
0.000152759450834758
0.000118065742514726
9.02019111369987e-05
6.8130244728097e-05
5.08807572641774e-05
3.75763193007402e-05
2.7446068894913e-05
1.98294174825417e-05
1.41730301716703e-05
1.00230014705799e-05
7.01414661512299e-06
4.85795707150127e-06
3.33038345109e-06
2.26025034518648e-06
1.51879998253175e-06
1.0106162772683e-06
6.65998831675512e-07
4.34732137195715e-07
2.81119207843765e-07
1.80110446196214e-07
1.14347236768666e-07
7.19464294172316e-08
4.48691259247427e-08
2.77394793324734e-08
1.70027192039611e-08
1.03339027111372e-08
6.22862574858218e-09
3.72355163233626e-09
2.20807889414508e-09
1.29902651128731e-09
7.5826528690469e-10
4.39214744529677e-10
2.52486048724705e-10
1.44063534489396e-10
8.15976609390118e-11
4.58836924218997e-11
2.56180066428924e-11
1.42032332101215e-11
7.82045213637401e-12
4.27687323448455e-12
2.32336335475681e-12
1.25386206148953e-12
6.72309341129688e-13
3.58194933215117e-13
1.89646108731231e-13
9.97901853891415e-14
5.21841184388231e-14
2.71972194137786e-14
1.32946647348634e-14
