4.41481640683667e-11
2.35898845644297e-10
1.00564739416431e-09
3.79310132607687e-09
1.31149083916441e-08
4.22420965339322e-08
1.27635468880199e-07
3.63028598216711e-07
9.73669810702435e-07
2.46514810588714e-06
5.89602117277171e-06
1.33295709742629e-05
2.84988025484948e-05
5.76456258098806e-05
0.000110351666458974
0.00019997604391487
0.000343123458463146
0.000557518406185136
0.000857920449482459
0.00125037427865003
0.00172604585051529
0.00225678782279928
0.00279486056927011
0.00327845668487984
0.0036428210655284
0.00383443738771525
0.00382403208401935
0.00361401395489658
0.00323771105589554
0.00275070740402623
0.00221738111400508
0.00169713889227782
0.00123433277012351
0.000853908201226736
0.000562538884985947
0.000353368456071088
0.00021197282652945
0.000121624650454481
6.68692857749462e-05
3.52959623341506e-05
1.79221960681233e-05
8.77269937121003e-06
4.14839103291533e-06
1.89918154394688e-06
8.43575237865121e-07
3.64303994705452e-07
1.53274632110443e-07
6.29489788904324e-08
2.52825307526265e-08
9.94759706040099e-09
3.84045181488999e-09
1.45700561478714e-09
5.43940509967776e-10
2.00078011495579e-10
7.25945745251558e-11
2.60088099603483e-11
9.21004819393906e-12
3.22629681502119e-12
1.11889480458754e-12
3.84438671938146e-13
1.30948318452289e-13
4.42450403788699e-14
1.48373031792381e-14
4.94065321982643e-15
1.63435961839175e-15
5.37307514889334e-16
1.75619797942996e-16
5.70885552070034e-17
1.84623620373715e-17
5.94175530184226e-18
1.90347996320819e-18
6.07149597066241e-19
1.92866439214578e-19
6.10272078222801e-20
1.92389725216257e-20
6.04381761394127e-21
1.89228238232008e-21
5.90574401159554e-22
1.83756070170782e-22
5.7009504218384e-23
1.76379266171842e-23
5.44245856516299e-24
1.67509490527866e-24
5.14312076711645e-25
1.57543536245738e-25
4.8150631866234e-26
1.4684850081643e-26
4.46930051427662e-27
1.35752069063173e-27
4.11550058817824e-28
1.24537137155988e-28
3.76187306823112e-29
1.13439935559312e-29
3.41515547205359e-30
1.02650822805515e-30
3.08067134403564e-31
9.23169933496638e-32
2.76243817006514e-32
8.25464455218169e-33
2.46330615950134e-33
7.34126708277125e-34
2.1851126929308e-34
6.49596405726101e-35
1.92884074881549e-35
5.72067717981182e-36
1.6947727770961e-36
5.01536472800172e-37
1.48263418472502e-37
4.37843419271098e-38
1.29172280798454e-38
3.80712702351105e-39
1.1210224859728e-39
3.29785175077217e-40
9.69300162857581e-41
2.84646530171784e-41
8.35186891404185e-42
2.44850480752838e-42
7.17243749464236e-43
2.09937380968764e-43
6.14014075604587e-44
1.79448770186211e-44
5.24063635650692e-45
1.52938365427842e-45
4.46010397243402e-46
1.29980030226623e-46
3.78545555338732e-47
1.10173225592094e-47
3.20447350964014e-48
9.31464096654637e-49
2.70589084408609e-49
7.85588040478191e-50
2.27942562048101e-50
6.61008920662943e-51
1.9157804756517e-51
5.54939612252204e-52
1.60661623497651e-52
4.6488951377365e-53
1.34450714436423e-53
3.88648233903068e-54
1.12288382783699e-54
3.24266211932893e-55
9.35968837568417e-56
2.70033634531724e-56
7.78708589671966e-57
2.24458688650273e-57
6.46705227988537e-58
1.86241025796948e-58
5.36514892305837e-59
1.51537463952802e-59
