1.28104565778412e-28
7.25443013584215e-28
3.34377601707775e-27
1.38617174674871e-26
5.36573826122193e-26
1.97521493341822e-25
6.9865256956783e-25
2.389840162024e-24
7.93976096989823e-24
2.56976848897949e-23
8.12072312123815e-23
2.50981641958504e-22
7.59637162587695e-22
2.25393765905839e-21
6.56172652418859e-21
1.87559742083349e-20
5.26698015593743e-20
1.45378728733078e-19
3.94587206996467e-19
1.0535353937844e-18
2.76796187411922e-18
7.15813887545075e-18
1.82255027415948e-17
4.56979785690406e-17
1.12860343840064e-16
2.74595278421925e-16
6.58302110662821e-16
1.55526648798087e-15
3.62153927635464e-15
8.31279453423443e-15
1.8811298277867e-14
4.19717460045396e-14
9.2343677597319e-14
2.00360212579929e-13
4.28755406697644e-13
9.04979454634326e-13
1.88422935825389e-12
3.87014887232929e-12
7.84244525437927e-12
1.56795858975919e-11
3.09317662197069e-11
6.02127127164515e-11
1.15667130275314e-10
2.19277315972327e-10
4.10262611211595e-10
7.57593203713212e-10
1.38081812551665e-09
2.48417729743747e-09
4.41156740190696e-09
7.73366132635156e-09
1.33836993050073e-08
2.2865575478232e-08
3.85672356233566e-08
6.42244094037116e-08
1.05594473060399e-07
1.71417591482374e-07
2.7476150452486e-07
4.34865917109864e-07
6.79619930931757e-07
1.04881759918353e-06
1.59833743512624e-06
2.40537521688122e-06
3.57481839989847e-06
5.24677728646068e-06
7.60517602811988e-06
1.08871510971303e-05
1.53928057930881e-05
2.14946326107217e-05
2.96456549589086e-05
4.03850793131587e-05
5.43400216598381e-05
7.22217197800489e-05
9.48146125413787e-05
0.000122956805948184
0.000157510793123514
0.000199323875945899
0.000249178549819581
0.000307734128551733
0.000375462036167835
0.00045257837363007
0.000538978447999988
0.000634178779174657
0.000737272524618569
0.000846904156847926
0.000961268507244989
0.00107813793247444
0.00119491942310037
0.00130874109586621
0.00141656490261536
0.001515319814404
0.00160204748656537
0.00167405075350072
0.00172903446377005
0.00176522828527121
0.00178148221824643
0.00177732756584908
0.00175299883482902
0.00170941519381164
0.00164812337456575
0.00157120692525984
0.00148116921108154
0.00138079927504915
0.00127303048565368
0.00116080178177962
0.0010469303574023
0.000934002974295245
0.000824290975636426
0.000719691749344711
0.000621697103940413
0.00053138698453573
0.000449445330727008
0.0003761937550788
0.000311638127794508
0.000255523058470425
0.000207389592503454
0.000166632081922856
0.00013255103054844
0.000104399637297308
8.14226702034095e-05
6.28871209622871e-05
4.81047650787213e-05
3.64472607685768e-05
2.73547573831676e-05
2.03391649301963e-05
1.49832851283202e-05
1.09369519689461e-05
7.91120767733997e-06
5.67137756621221e-06
4.02972920112462e-06
2.8382264382215e-06
1.98173023706851e-06
1.37186330252653e-06
9.41647731202697e-07
6.40943750107181e-07
4.32660912289949e-07
2.89677053151919e-07
1.92380704877814e-07
1.26745365743135e-07
8.28452950844404e-08
5.372923296908e-08
3.45781786087498e-08
2.20843029347951e-08
1.39989858669068e-08
8.80808873147448e-09
5.50148003096743e-09
3.41140495645496e-09
2.09999432454136e-09
1.28785597657054e-09
7.25542430860042e-10
