7.18377214002508e-29
4.06950373939033e-28
1.87666011900289e-27
7.78454545375953e-27
3.01557062097065e-26
1.11104893263563e-25
3.93380752932998e-25
1.34712322095526e-24
4.4811103693727e-24
1.45232803640908e-23
4.59632181718792e-23
1.42283646255093e-22
4.31388641953835e-22
1.28234818831344e-21
3.74055279931132e-21
1.07142781502047e-20
3.01538404116532e-20
8.34241005446289e-20
2.26984118977947e-19
6.07596883956811e-19
1.6006361461477e-18
4.15098306958727e-18
1.05998799187069e-17
2.66588435206644e-17
6.60481885682472e-17
1.6122790360175e-16
3.87839816369247e-16
9.19526804950162e-16
2.14900620507415e-15
4.95140993689381e-15
1.12483927694116e-14
2.51982929072506e-14
5.56693519013954e-14
1.2130199670014e-13
2.60715056568661e-13
5.5277430907134e-13
1.15624038931672e-12
2.38616194204609e-12
4.8588587440349e-12
9.76293931713623e-12
1.93582754029321e-11
3.7880773340274e-11
7.31580452945398e-11
1.39450526732217e-10
2.62370851748742e-10
4.87270170037352e-10
8.93312287312261e-10
1.61672256669584e-09
2.88858380916466e-09
5.09529638724743e-09
8.87372314658398e-09
1.52584508370525e-08
2.59058987554179e-08
4.34295573261758e-08
7.18927211851422e-08
1.17519768513976e-07
1.89704051021282e-07
3.02408967443195e-07
4.7607719608126e-07
7.4017876087231e-07
1.13653782409315e-06
1.72357580183412e-06
2.58158839263214e-06
3.8191294091273e-06
5.58049783554766e-06
8.05421024051385e-06
1.14821849901963e-05
1.61691683419847e-05
2.24917023284829e-05
3.09056850995436e-05
4.19513297687919e-05
5.62541205100657e-05
7.45202349279045e-05
9.75248941345587e-05
0.000126092260151111
0.000161065860073493
0.00020326909804731
0.000253456215970724
0.000312255048297444
0.000380104017864179
0.000457186937847035
0.00054337019249404
0.000638147624028972
0.000740598814950401
0.000849366305972328
0.000962656555205636
0.00107826811005996
0.00119364858885587
0.00130597978901188
0.00141228775511274
0.00150957220366538
0.00159494758224994
0.00166578649511346
0.00171985546174981
0.0017554331165761
0.0017714020326473
0.0017673072782849
0.00174337740933729
0.0017005065989022
0.00164019970143131
0.00156448492238957
0.00147580113330567
0.00137686851666845
0.00127055201756208
0.00115972699219898
0.00104715554854733
0.000935380524107546
0.000826642050503953
0.000722819450518247
0.000625399033235167
0.000535466399414716
0.000453720294516054
0.000380503942998397
0.000315849194623464
0.000259528685784457
0.000211111497063736
0.000170018374607871
0.000135573367409549
0.00010704960704338
8.37078258703649e-05
6.48269998488524e-05
4.97271624952099e-05
3.77849406978651e-05
2.8442705493035e-05
2.12124225356721e-05
1.5675350054417e-05
1.14786948499925e-05
8.33022927822321e-06
5.99172222911924e-06
4.27186885680667e-06
3.01923594038026e-06
2.11558542343254e-06
1.46980589873601e-06
1.01257424712898e-06
6.91787654777084e-07
4.68747876688968e-07
3.15041579920918e-07
2.10038977160137e-07
1.38923800059707e-07
9.11673449283829e-08
5.93647775363251e-08
3.83606605223546e-08
2.46009346528688e-08
1.56590648121893e-08
9.89392785048127e-09
6.20587458433003e-09
3.86405301551835e-09
2.39684818696335e-09
1.3635444278893e-09
