1.29696202535781e-27
7.33397809090275e-27
3.37362351291832e-26
1.39495419408763e-25
5.38297176704374e-25
1.97436346491315e-24
6.95452840083743e-24
2.36779933534079e-23
7.82583721070927e-23
2.51851049612354e-22
7.90953257661801e-22
2.42820303958952e-21
7.29654235478174e-21
2.14833382582498e-20
6.20308976319983e-20
1.75768339664206e-19
4.89051527995231e-19
1.33679963002648e-18
3.59137945806397e-18
9.48637566939226e-18
2.46447239231141e-17
6.29877556200126e-17
1.58418875839817e-16
3.92170382019242e-16
9.55758870275943e-16
2.29354770362579e-15
5.42033468024744e-15
1.26174053131285e-14
2.89334967744744e-14
6.53695094184933e-14
1.45527563443937e-13
3.19271076056272e-13
6.90340565706043e-13
1.4712921884564e-12
3.09104760884512e-12
6.4020749144649e-12
1.3073110555597e-11
2.63216453601169e-11
5.22581428937572e-11
1.0231303044648e-10
1.97547514250631e-10
3.76185427036352e-10
7.06556517622174e-10
1.30897055757097e-09
2.3920661520404e-09
4.31219138918605e-09
7.66874983226774e-09
1.34546379381648e-08
2.32894195932179e-08
3.97742486589615e-08
6.7022196396107e-08
1.11435774969833e-07
1.82824845137467e-07
2.95981828745388e-07
4.72855270718883e-07
7.45484019661832e-07
1.15986769975134e-06
1.78094803157459e-06
2.69885155748159e-06
4.03648788656038e-06
5.95849895227689e-06
8.68140561097385e-06
1.24845933748054e-05
1.77215204735366e-05
2.48302289612654e-05
3.43419147164708e-05
4.68859991959253e-05
6.31898915581057e-05
8.40714912140344e-05
0.000110422519715602
0.000143181045494089
0.000183292119747383
0.000231656295525941
0.0002890669367504
0.000356138576320205
0.000433230041185801
0.000520367471685379
0.000617173535519752
0.00072280987580447
0.000835939956893811
0.0009547188476464
0.00107681505214191
0.0011994673030442
0.00131957642082752
0.00143382916249934
0.00153884776465265
0.00163135599705983
0.00170835034677302
0.00176726375225892
0.00180610930052861
0.00182359254656228
0.00181918351913496
0.00179314280042958
0.0017464999526828
0.00168098658877075
0.00159893010841361
0.00150311715682191
0.00139663791305817
0.00128272321591524
0.0011645862644049
0.00104527930367027
0.000927573552474434
0.000813867945500518
0.000706129380791823
0.000605864392453188
0.000514119771933398
0.000431507821815809
0.00035825074023898
0.000294238112271285
0.000239091564293222
0.00019223120335193
0.000152939370475322
0.000120418332761319
9.38396830325327e-05
7.23842924395234e-05
5.52725876452851e-05
4.17856515057298e-05
3.12781573847509e-05
2.31844509505568e-05
1.70192162142682e-05
1.23741419451862e-05
8.91188139472915e-06
6.35841180125186e-06
4.49468445870655e-06
3.14823797317315e-06
2.18524562814913e-06
1.50329410529867e-06
1.02505052720588e-06
6.92868517493898e-07
4.64309072989483e-07
3.08503967747478e-07
2.03262800855865e-07
1.32814285597711e-07
8.60730877876948e-08
5.53313718509401e-08
3.52860026726989e-08
2.23257312296747e-08
1.40160637547234e-08
8.73188882242221e-09
5.3987891849088e-09
3.31309963447212e-09
2.01820890392109e-09
1.22049042217216e-09
7.32794172374687e-10
4.36868968260695e-10
2.58634579416614e-10
1.52043099660815e-10
8.90523024691965e-11
4.82213233439826e-11
