2.25983557446269e-29
1.28102887383398e-28
5.91307728503283e-28
2.45574817166043e-27
9.52690996003064e-27
3.51604993852699e-26
1.24732599178927e-25
4.28078768483223e-25
1.4274306542746e-24
4.63863144499402e-24
1.47229054875265e-23
4.57191117615883e-23
1.39082553075429e-22
4.14927575260719e-22
1.21497017964351e-21
3.49427655668462e-21
9.87648770108905e-21
2.74484599902042e-20
7.50394302194318e-20
2.01873027283387e-19
5.34595422885836e-19
1.39397393606074e-18
3.57995025685651e-18
9.05713930979956e-18
2.25780143954203e-17
5.54678818581509e-17
1.34317253390534e-16
3.20644189729318e-16
7.54705983865717e-16
1.75166783573853e-15
4.00956931493791e-15
9.05241416987205e-15
2.01603093317394e-14
4.42933390004939e-14
9.6012498211569e-14
2.05353668862115e-13
4.33408591697444e-13
9.02705113435675e-13
1.85557603045544e-12
3.76465770439465e-12
7.53900407634447e-12
1.49028936578088e-11
2.9081741999529e-11
5.60256904066635e-11
1.06559856474311e-10
2.00106492340852e-10
3.71031160968538e-10
6.79298724118105e-10
1.22809249505431e-09
2.19249714661561e-09
3.86546463549386e-09
6.73031462633002e-09
1.15732575525685e-08
1.96551970256703e-08
3.29697044483167e-08
5.46238547910277e-08
8.93907366714617e-08
1.44496830264971e-07
2.3072361966341e-07
3.63919734842828e-07
5.6703579453548e-07
8.72806183704016e-07
1.32720640841014e-06
1.99380650080038e-06
2.95911436356407e-06
4.33895163891157e-06
6.28582262991033e-06
8.99711932424702e-06
1.27238507669366e-05
1.7779395357778e-05
2.45475585414802e-05
3.34889915396649e-05
4.51448129473581e-05
6.01361055063906e-05
7.91578723766766e-05
0.000102966070477349
0.000132356530233412
0.000168134949861526
0.000211077730964542
0.000261884191103861
0.000321121611105762
0.000389165583283507
0.000466139126634459
0.000551854909963492
0.000645765547114349
0.000746927178513094
0.000853981331399838
0.000965159299472404
0.00107831199876847
0.00119096650273555
0.00130040836355344
0.00140378657416417
0.00149823584101223
0.00158100896034832
0.0016496107446986
0.0017019243086851
0.00173632070125386
0.00175174388212276
0.00174776480678297
0.00172460074178939
0.0016830986467656
0.00162468425777199
0.0015512811083829
0.00146520587784685
0.00136904796548441
0.00126554194098573
0.00115744148376628
0.00104740265932046
0.000937883017750012
0.000831061222017203
0.00072877992921785
0.000632512664565717
0.000543353627694557
0.000462027895195083
0.00038891842076329
0.000324105619207815
0.000267415137184152
0.000218469606112007
0.000176740658305262
0.00014159816953683
0.000112354473129507
8.8302085054873e-05
6.87442161991278e-05
5.30179772841113e-05
4.05106754259495e-05
3.06699496771411e-05
2.30087024009019e-05
1.71058713480632e-05
1.26040777842692e-05
9.20510536374304e-06
6.66403829937751e-06
4.78273830754102e-06
3.40318599955114e-06
2.40106718197887e-06
1.6798565573368e-06
1.16554514071646e-06
8.02074630118196e-07
5.4748094310254e-07
3.70707615572568e-07
2.49024428693259e-07
1.65973947873412e-07
1.097652571876e-07
7.20371000979182e-08
4.69194688334834e-08
3.03315357947951e-08
1.94635345330429e-08
1.23967584994082e-08
7.86573921753484e-09
4.56190245098787e-09
