2.3142003433773e-27
1.30812736070106e-26
6.0142082734267e-26
2.48513931968931e-25
9.58210379401351e-25
3.51118675574916e-24
1.23544500284661e-23
4.20117681779808e-23
1.38665700487427e-22
4.45590894455836e-22
1.39714016432855e-21
4.28167000184553e-21
1.28418264574251e-20
3.77342221977358e-20
1.08719652702748e-19
3.07361405078003e-19
8.53128094491681e-19
2.32604993186099e-18
6.23231150243112e-18
1.6415921385912e-17
4.25214272970955e-17
1.08342958902284e-16
2.71615049243012e-16
6.70140116805792e-16
1.62751347895317e-15
3.89144508534258e-15
9.16215186392085e-15
2.12447204623179e-14
4.85213366878778e-14
1.09168957676408e-13
2.41992831396522e-13
5.2855633922469e-13
1.13765530640129e-12
2.4132533329861e-12
5.04553723803655e-12
1.0398273229487e-11
2.11251175575278e-11
4.23110589448905e-11
8.35519101283795e-11
1.62680594074605e-10
3.12334207000352e-10
5.91335382599039e-10
1.10408726777493e-09
2.0330665286824e-09
3.69233142001074e-09
6.61411580358653e-09
1.16865157688598e-08
2.03685250024609e-08
3.5019797417936e-08
5.93970125073773e-08
9.93868956432807e-08
1.64067706751869e-07
2.67215587809094e-07
4.2939777995142e-07
6.80818250473871e-07
1.06509788692368e-06
1.64417440712723e-06
2.50448793568834e-06
3.76456681480376e-06
5.58403416822518e-06
8.17390961579612e-06
1.18078762150945e-05
1.68339200687896e-05
2.3685437946059e-05
3.28905673051934e-05
4.50781574088257e-05
6.0978517659091e-05
8.14169092022472e-05
0.000107297753890312
0.000139577784398331
0.000179226901115657
0.000227176360065824
0.00028425507824099
0.000351116247432937
0.000428157982124226
0.000515443230070457
0.000612625448778213
0.000718887385885765
0.000832900500073354
0.000952811972869182
0.00107626482113154
0.00120045435927082
0.00132222132894782
0.00143817867182202
0.00154486551459028
0.00163891885861461
0.00171725110765396
0.00177722025477412
0.00181677950016046
0.00183459435353802
0.00183011779156484
0.00180361753829681
0.00175615363669356
0.00168950872753914
0.00160607738237783
0.00150872403190889
0.00140062117675548
0.00128508048959327
0.00116538909706344
0.00104466189425875
0.000925718440161614
0.000810990132159886
0.000702460312674682
0.000601637053032355
0.00050955586326383
0.000426807682128821
0.00035358630525908
0.000289748915308481
0.000234883513967727
0.000188377694512604
0.000149484178478399
0.000117379708823573
9.12150966475423e-05
7.01553394692861e-05
5.340968208516e-05
4.02522286945784e-05
3.00342231084603e-05
2.21894047475149e-05
1.62339524509972e-05
1.17624866576071e-05
8.44145708235377e-06
6.00103886971412e-06
4.22643047485425e-06
2.94921832430053e-06
2.03926535789779e-06
1.39740386784817e-06
9.49072256556945e-07
6.38930280048659e-07
4.26414691061262e-07
2.82151829779114e-07
1.85119849661902e-07
1.20445260330887e-07
7.77212971153141e-08
4.97451468210796e-08
3.15840798870452e-08
1.98947628825262e-08
1.24339238059798e-08
7.7112016809634e-09
4.74597574125443e-09
2.89910096730937e-09
1.75784235166222e-09
1.05808175450862e-09
6.32302319518039e-10
3.75179982185095e-10
2.21058070281931e-10
1.29351013469794e-10
7.51639244582047e-11
4.35168629242884e-11
2.33286805496216e-11
