4.12980653006413e-27
2.33352632939007e-26
1.07228107882429e-25
4.42776802836746e-25
1.70583450334887e-24
6.24468983292491e-24
2.19483087135872e-23
7.45434768204585e-23
2.45702466001553e-22
7.88350888228479e-22
2.46778427230985e-21
7.54928153800991e-21
2.25988175144373e-20
6.62677237295432e-20
1.90512561384756e-19
5.37347073298836e-19
1.48782130579435e-18
4.04601418415706e-18
1.08111054291402e-17
2.83948398734394e-17
7.33289924036169e-17
1.86252755312754e-16
4.65404182037585e-16
1.14434434041371e-15
2.76930312954364e-15
6.59707871320469e-15
1.54729492720333e-14
3.57356292142266e-14
8.12826498939013e-14
1.82103706816109e-13
4.01898555363906e-13
8.73854861019188e-13
1.87211493570627e-12
3.95219341956276e-12
8.22234679374882e-12
1.68594067577708e-11
3.40731617550978e-11
6.78795466024301e-11
1.33306894004736e-10
2.58096766669024e-10
4.9267020257786e-10
9.27256374198336e-10
1.72082934745772e-09
3.14915179365774e-09
5.68315340174908e-09
1.01145421099169e-08
1.77535078370308e-08
3.0734227500608e-08
5.24781820487115e-08
8.83834523768636e-08
1.46830207787341e-07
2.40617933945284e-07
3.8897697869097e-07
6.20322766639234e-07
9.75940853112509e-07
1.51479816066849e-06
2.31966154152675e-06
3.50465882753088e-06
5.22432855672979e-06
7.68406213362153e-06
1.11516388032242e-05
1.59692878515067e-05
2.25653912784553e-05
3.14645833129151e-05
4.32946443632907e-05
5.87882750381104e-05
7.87776324192111e-05
0.00010417948542658
0.000135969067884436
0.000175141233635264
0.000222658378950341
0.000279385785587364
0.000346016495081715
0.000422989437557049
0.000510406139788898
0.000607952720057071
0.000714834815810297
0.000829733371153763
0.000950788669322331
0.00107561854767374
0.00120137440610604
0.00132483556465223
0.00144253901250408
0.00155093798480213
0.00164657952463034
0.00172628865326365
0.00178734533699065
0.0018276403410774
0.00184579737923141
0.00184125160157201
0.00181427814751239
0.00176596881837425
0.00169815941321771
0.00161331442108573
0.0015143791278081
0.00140461144132444
0.00128740668280518
0.00116612821496092
0.00104395522452373
0.000923756510148864
0.000807996097602191
0.000698673286576042
0.000597296680485846
0.000504889150645346
0.000422018736552217
0.000348849279777317
0.000285204127646985
0.000230636441108149
0.000184500358912843
0.00014601833832429
0.000114341238155509
8.8598977694485e-05
6.79407711392348e-05
5.1564916437762e-05
3.87388640803773e-05
2.88107945207013e-05
2.12142089579789e-05
1.5467122076796e-05
1.11673815579694e-05
7.98547445440441e-06
5.65595809732749e-06
3.96840921603114e-06
2.75854679280447e-06
1.89997025192299e-06
1.29677525515214e-06
8.77168461687535e-07
5.88099133402482e-07
3.90855360098309e-07
2.5753024457975e-07
1.68242422137647e-07
1.08989875536528e-07
7.00209843188564e-08
4.46179336427534e-08
2.82018350483247e-08
1.76839437846357e-08
1.10017444717493e-08
6.79158459928098e-09
4.16058007149115e-09
2.52962142742364e-09
1.52658608077528e-09
9.14525849849102e-10
5.43906108575242e-10
3.21180389782288e-10
1.88327885710874e-10
1.09663861701491e-10
6.34221365281325e-11
3.64272948488072e-11
2.08464662307954e-11
1.1063226477207e-11
