2.28468981355918e-28
1.29334157709968e-27
5.95845047808708e-27
2.46854467733771e-26
9.54826041647478e-26
3.51175345434127e-25
1.24088249564303e-24
4.23978128493563e-24
1.40680256974228e-23
4.54691805178692e-23
1.43470220193589e-22
4.42689948400519e-22
1.33752336469759e-21
3.96115135495558e-21
1.1508770998676e-20
3.28268081410399e-20
9.19762758335974e-20
2.53271882834271e-19
6.85721718840604e-19
1.82607913511582e-18
4.78456920613884e-18
1.23379154601143e-17
3.13203588368418e-17
7.82881993320032e-17
1.92725553660788e-16
4.67343377175493e-16
1.11650278011752e-15
2.62831441695727e-15
6.09747493346771e-15
1.39423038914584e-14
3.14255778394695e-14
6.98304514758366e-14
1.52990540239647e-13
3.30510117609088e-13
7.04117260994829e-13
1.47938914492679e-12
3.06571653839277e-12
6.26652235273792e-12
1.26356401378676e-11
2.5134675384769e-11
4.93267410578524e-11
9.55104618622874e-11
1.82475160757364e-10
3.4400479426011e-10
6.39964125177685e-10
1.17489354803159e-09
2.12869528034361e-09
3.80644829615761e-09
6.71794281540388e-09
1.1702542544791e-08
2.01218799792477e-08
3.4152097802168e-08
5.72192476418072e-08
9.46362689602646e-08
1.54517608112173e-07
2.49067400144509e-07
3.96357866187478e-07
6.22733799053618e-07
9.65993077847555e-07
1.47949700742407e-06
2.23735144873313e-06
3.34076258596845e-06
4.92560166691356e-06
7.17110364120016e-06
1.03094699246933e-05
1.46359442315542e-05
2.05186874864331e-05
2.84075065554283e-05
3.88402151466238e-05
5.24451574357381e-05
6.99382489118984e-05
9.21128341177476e-05
0.000119820777916703
0.000153943539790043
0.000195352558221189
0.000244859098532769
0.000303154763776324
0.000370745067489601
0.000447879713795906
0.00053448438594714
0.000630099749944046
0.000733833874181827
0.00084433420888318
0.000959784565218101
0.00107793115519251
0.00119613975342859
0.00131148356173282
0.00142085861717271
0.00152112086337407
0.00160923660891419
0.00168243631975219
0.0017383607752414
0.00177518871089417
0.00179173621280039
0.00178752023122774
0.00176278144060238
0.00171846499376638
0.00165616114974073
0.00157801093678298
0.00148658462385086
0.00138474256778612
0.00127548883891066
0.00116182787877949
0.00104663339683495
0.000932536946599341
0.000821841378612972
0.000716461915888203
0.000617895199869108
0.000527214534658621
0.000445087879294142
0.000371813996667667
0.000307371587252159
0.000251476177969265
0.000203639915896481
0.000163230118433874
0.000129523330486386
0.000101752614779642
7.91467505654934e-05
6.09608605036227e-05
4.64986750259409e-05
3.51271543674801e-05
2.62845199238077e-05
1.94829152120348e-05
1.43069501679501e-05
1.04093138572698e-05
7.50450347772509e-06
5.36154229651782e-06
3.79637116228165e-06
2.66441646157722e-06
1.85367460296556e-06
1.27851645309534e-06
8.74307220605527e-07
5.92857341764469e-07
3.98665039286428e-07
2.65877294290513e-07
1.75878487530973e-07
1.15410587668325e-07
7.51316557917779e-08
4.85274390656774e-08
3.11015048411043e-08
1.97809581196148e-08
1.24861097738514e-08
7.82280694066234e-09
4.86513789416369e-09
3.00376376066221e-09
1.84127237296101e-09
1.12054154218137e-09
6.79375301424768e-10
3.79004147620819e-10
