7.11203162131518e-30
4.03422053806263e-29
1.86385335901059e-28
7.74975747428042e-28
3.0107056954943e-27
1.11297930889607e-26
3.95576166607669e-26
1.36048245965481e-25
4.54719328751722e-25
1.48148287666286e-24
4.71538635399747e-24
1.4687121086909e-23
4.48254300996311e-23
1.34194450385527e-22
3.94398874873633e-22
1.13876034896944e-21
3.23206251805314e-21
9.02182678241432e-21
2.47777808428727e-20
6.69799262505034e-20
1.78271626965626e-19
4.6730392666098e-19
1.20672066166423e-18
3.07045695467234e-18
7.69975987972908e-18
1.90331110125037e-17
4.63846285750273e-17
1.11464630554577e-16
2.64155884221963e-16
6.17448049875795e-16
1.4236720662681e-15
3.23845329182202e-15
7.26823272574607e-15
1.60962944477087e-14
3.5177791575644e-14
7.58741886092631e-14
1.61524126836773e-13
3.39415449485597e-13
7.04057019189464e-13
1.4417685230882e-12
2.91489302536614e-12
5.8185600539315e-12
1.14683077978853e-11
2.23201922276575e-11
4.28976970839526e-11
8.14196221757579e-11
1.52617321109208e-10
2.82538631425984e-10
5.16618377030447e-10
9.33034628748393e-10
1.66448037929843e-09
2.93311419047531e-09
5.10580598021682e-09
8.78010500851614e-09
1.49159042384481e-08
2.50338573231925e-08
4.1509506397551e-08
6.80020142575081e-08
1.10068420338484e-07
1.76028240094537e-07
2.78158367119689e-07
4.34313396424962e-07
6.70079690952324e-07
1.02157989124322e-06
1.53904428421633e-06
2.29125175578011e-06
3.37091054111995e-06
4.90099206289032e-06
7.04194480705702e-06
9.99959607111769e-06
1.40333971152427e-05
1.9464485698413e-05
2.66828388325815e-05
3.61525841719789e-05
4.84143541174038e-05
6.40834321376493e-05
8.38423900618768e-05
0.000108426983279047
0.000138604289327373
0.000175142466333168
0.000218772077790828
0.000270139664916638
0.00032975510801591
0.000397935238630901
0.000474747055665727
0.000559954655093208
0.000652974491653394
0.000752843746995498
0.000858206299853386
0.00096732003610972
0.00107808800643928
0.0011881143004226
0.0012947835794757
0.00139536116623076
0.00148710862711235
0.00156740811961387
0.0016338876018022
0.00168453847232618
0.00171781741404479
0.00173272516415348
0.0017288565561948
0.00170641832595138
0.00166621363569259
0.00160959480664782
0.00153838810967302
0.00145479642500414
0.00136128697002315
0.00126047200389227
0.00115499042181408
0.00104739749738589
0.000940068831681337
0.000835122981605058
0.000734365451342079
0.000639254924210887
0.000550890953286127
0.000470020947760354
0.000397063273158815
0.000332142664306975
0.000275133922762892
0.000225709990864686
0.000183390892317301
0.000147590620159588
0.000117659750300138
9.29222828438369e-05
7.27058981767614e-05
5.6365411875224e-05
4.32996922671458e-05
3.29626546463635e-05
2.48691690494092e-05
1.85968273074241e-05
1.37845297864661e-05
1.01287959765394e-05
7.37859911499649e-06
5.32939440098692e-06
3.81687057620447e-06
2.71081901273539e-06
1.90939203638296e-06
1.33391828746654e-06
9.24359605970044e-07
6.3543098837645e-07
4.33360769733635e-07
2.93239589478883e-07
1.9689078398344e-07
1.31188522515274e-07
8.67504298239512e-08
5.69368043070797e-08
3.70878940702032e-08
2.40660889159364e-08
1.42253796819692e-08
