3.95902710814998e-31
2.24918997811722e-30
1.04140296331887e-29
4.34203028561201e-29
1.69247083201068e-28
6.28107136610151e-28
2.24239552439327e-27
7.75084540222871e-27
2.60501104110301e-26
8.53899441146169e-26
2.73592097339002e-25
8.58281999120035e-25
2.63970066883809e-24
7.96765751031375e-24
2.36225083506545e-23
6.8840623858397e-23
1.9730670615637e-22
5.5645938098287e-22
1.54491772234822e-21
4.22394763665341e-21
1.13766361384252e-20
3.01936533542457e-20
7.8983133778384e-20
2.03689559373902e-19
5.1797385004634e-19
1.29906857954795e-18
3.21376980630672e-18
7.84373442501049e-18
1.8889389802887e-17
4.48907244454625e-17
1.05291037621085e-16
2.43764814154713e-16
5.57109830945408e-16
1.25702290992685e-15
2.80038545023342e-15
6.16030095002782e-15
1.33822945295125e-14
2.87102388785426e-14
6.08347581257444e-14
1.27322461334413e-13
2.63223387567846e-13
5.37572004048016e-13
1.08459279502281e-12
2.16191510131461e-12
4.25770137183483e-12
8.28510698804646e-12
1.593045274934e-11
3.02680861551368e-11
5.68312927093936e-11
1.05451774688024e-10
1.93375436997722e-10
3.50466341939681e-10
6.27776070095984e-10
1.11145483800309e-09
1.94501107604743e-09
3.36441471890695e-09
5.75264539859417e-09
9.72320076923935e-09
1.6246017801997e-08
2.68344452286383e-08
4.38185420946877e-08
7.07382027826135e-08
1.12899427292405e-07
1.78148250900756e-07
2.77928875525247e-07
4.28704414203403e-07
6.53828811167882e-07
9.85964711300075e-07
1.47014139697127e-06
2.1675358026679e-06
3.16003399600157e-06
4.55558618775734e-06
6.49430153238389e-06
9.15513709765355e-06
1.27629178911497e-05
1.75952842885608e-05
2.39890062213131e-05
3.23449414557609e-05
4.31307647599736e-05
5.68804770207091e-05
7.41896433613241e-05
9.57053333982721e-05
0.000122109869691071
0.000154097751391802
0.000192345518470441
0.000237474853106072
0.000290009857058055
0.000350330156274104
0.000418622207485058
0.000494831841873474
0.000578621595078975
0.000669336657831718
0.000765983265024306
0.000867222972438423
0.000971385530884734
0.00107650197767145
0.00118035818794075
0.00128056756657842
0.001374659950588
0.00146018228688088
0.00153480540870255
0.00159643039649029
0.00164328768267991
0.00167402230269797
0.00168775950575321
0.00168414625843
0.0016633658860167
0.00162612504319604
0.00157361420501876
0.00150744473533137
0.00142956715494863
0.00134217636370158
0.00124761018617508
0.00114824768364671
0.00104641323331783
0.000944291497976701
0.000843857208833272
0.000746822296504436
0.000654601469634114
0.000568295986286757
0.000488694195885889
0.000416286523697204
0.000351291965537531
0.00029369286350115
0.000243274720654766
0.000199668038204732
0.000162389563000635
0.000130880851310976
0.000104542623451852
8.27639477231048e-05
6.49458074937011e-05
5.05190419054632e-05
3.89569917044387e-05
2.97834223810126e-05
2.2576442039333e-05
1.69691930992876e-05
1.26480910664213e-05
9.34932780101752e-06
6.85426816526627e-06
4.98426293592175e-06
3.59528999585966e-06
2.57272950620321e-06
1.82648338912832e-06
1.28656867447465e-06
8.99249214310244e-07
6.23725847061725e-07
4.29283587814098e-07
2.94310929473183e-07
1.82176035537593e-07
