1.25665649581126e-30
7.13496476125244e-30
3.30078350369917e-29
1.37474820624834e-28
5.35162569530626e-28
1.98306321897296e-27
7.06738833023275e-27
2.43807234555214e-26
8.17646844002381e-26
2.6738088878716e-25
8.54484256170802e-25
2.6731135752076e-24
8.196707526555e-24
2.46617323854755e-23
7.28682267964161e-23
2.11586315522818e-22
6.04124856617881e-22
1.69696165154278e-21
4.69147423294085e-21
1.27702593857381e-20
3.42360869281761e-20
9.04246556235773e-20
2.35352287616359e-19
6.03778490440911e-19
1.52705074667458e-18
3.80825882141907e-18
9.36633915640921e-18
2.27222187031192e-17
5.43789158776116e-17
1.28400296075681e-16
2.9916422513504e-16
6.87876022892914e-16
1.56103610215038e-15
3.49671607588792e-15
7.73200507947192e-15
1.68789521647268e-14
3.63793946500251e-14
7.74203474435672e-14
1.62695526126832e-13
3.37634210521414e-13
6.91983201293724e-13
1.40071385264786e-12
2.80048478824768e-12
5.53058217821411e-12
1.0789096510653e-11
2.07920629348649e-11
3.95848521545574e-11
7.44559034423222e-11
1.3836515849862e-10
2.54056228398917e-10
4.60920107909386e-10
8.26286475151246e-10
1.46372871706569e-09
2.56230384129804e-09
4.43256647214233e-09
7.57789204386857e-09
1.28033461612698e-08
2.13792939677911e-08
3.52834003906447e-08
5.7552828303894e-08
9.27883859949294e-08
1.47863998683283e-07
2.32907761313655e-07
3.62634108876729e-07
5.58118871798141e-07
8.49118016105407e-07
1.27703376217369e-06
1.89862480999084e-06
2.79053620497425e-06
4.05468425793984e-06
5.82446838997498e-06
8.27169128078342e-06
1.16139496797927e-05
1.61221121892629e-05
2.21273329598481e-05
3.00268724494077e-05
4.02878248299004e-05
5.34477085663442e-05
7.01107890299873e-05
9.09389991402547e-05
0.000116636434614458
0.000147926648139889
0.000185522365574772
0.000230087796386526
0.000282194390451118
0.000342271663349073
0.000410555510459963
0.000487037176400005
0.000571416648896594
0.000663064611139601
0.00076099712978451
0.000863866915360209
0.000969974240461869
0.00107729945481329
0.00118355755892698
0.00128627359980118
0.00138287588113412
0.00147080230903813
0.00154761379923348
0.00161110771378435
0.00165942389794082
0.00169113611939636
0.00170532257657544
0.00170161057433755
0.00168019233712486
0.00164181106507445
0.00158771853392765
0.00151960758655672
0.00143952457443196
0.00134976803418099
0.0012527805364638
0.00115104069423307
0.00104696180048292
0.000942802571763066
0.000840594133242717
0.000742085846486837
0.000648711008412511
0.000561571981452064
0.000481443065722228
0.000408788472836637
0.000343792147254515
0.00028639590621664
0.000236342402697978
0.00019321970297486
0.000156504742844713
0.000125603511147918
9.98864365844668e-05
7.87180643482767e-05
6.14806570651674e-05
4.75918095368217e-05
3.65165134478816e-05
2.77743441281236e-05
2.09425745335111e-05
1.56560666654526e-05
1.16047663714826e-05
8.52955364298298e-06
6.21709588672646e-06
4.49423244218009e-06
3.22229779326678e-06
2.29167788509771e-06
1.61679473828078e-06
1.13163227787493e-06
7.85851771586854e-07
5.41497649174294e-07
3.70261699356217e-07
2.51255468009585e-07
1.69194992853115e-07
1.13495794428998e-07
6.89861809970607e-08
