7.05311014706291e-31
4.00578963522462e-30
1.85395203643295e-29
7.72574514269787e-29
3.00945611043235e-28
1.11602069655424e-27
3.98084817353502e-27
1.37464688400094e-26
4.61513756436951e-26
1.51101775183637e-25
4.83514207560842e-25
1.51472548396842e-24
4.65170815378853e-24
1.40183881042781e-23
4.14914888657423e-23
1.20697826009496e-22
3.45282274991374e-22
9.71851497331304e-22
2.69253937961877e-21
7.34550756218126e-21
1.97387690696463e-20
5.22614117315441e-20
1.36368946971124e-19
3.50769595216798e-19
8.89589115005593e-19
2.22483891525174e-18
5.48810678777559e-18
1.3354523461279e-17
3.20610405529655e-17
7.59498498175686e-17
1.77553317104118e-16
4.09667912236989e-16
9.33000274132767e-16
2.09759017515456e-15
4.65573488614496e-15
1.02028576950448e-14
2.20778330396157e-14
4.71764348652793e-14
9.95540741927755e-14
2.07485476803645e-13
4.27109327082499e-13
8.68439560057033e-13
1.74427317983619e-12
3.46088923831392e-12
6.7839395333328e-12
1.31376899016726e-11
2.51373508869918e-11
4.75229309307419e-11
8.8774655817962e-11
1.63868271802576e-10
2.98908379320678e-10
5.38809385016706e-10
9.5984668737889e-10
1.6898704173499e-09
2.94038563501161e-09
5.05671527082156e-09
8.59526846797998e-09
1.44407595703184e-08
2.39812989472458e-08
3.93658310756193e-08
6.3876596226559e-08
1.02459186459114e-07
1.62464191215973e-07
2.54666899329933e-07
3.94644113051907e-07
6.04598330706982e-07
9.15727176626603e-07
1.37123706161391e-06
2.03009098561571e-06
2.9715569267953e-06
4.30058095147617e-06
6.15394389577515e-06
8.70706915300234e-06
1.21812307127232e-05
1.68507671852242e-05
2.30497452951844e-05
3.11773464228584e-05
4.17010888242351e-05
5.51568679920045e-05
7.21447241400579e-05
9.33192568782651e-05
0.000119373729447626
0.000151017159795642
0.000188944094846612
0.000233797304801735
0.000286124295427374
0.00034632927722536
0.000414622990533489
0.000490973487852747
0.000575061531733966
0.000666244590078221
0.00076353342262351
0.000865584896751988
0.000970713924699099
0.00107692629619803
0.00118197275399332
0.00128342303108602
0.00137875687976147
0.00146546753664986
0.00154117175214427
0.00160371961694897
0.00165129705812034
0.00168251411479062
0.00169647294120478
0.00169281085891194
0.00167171556957549
0.00163391167829703
0.00158061977185398
0.00151349125031552
0.00143452374633918
0.00134596314462943
0.00125019884769315
0.00114965899597801
0.00104671187271848
0.000943578789864105
0.000842262483170054
0.000744493585408051
0.000651696244295671
0.000564972541570743
0.000485104161963261
0.000412568832378726
0.000347568442093142
0.000290065468038133
0.000239824338458755
0.000196454623476468
0.000159453378474304
0.000128244516744047
0.000102213685264697
8.0737704386527e-05
6.32081638188006e-05
4.90492132868225e-05
3.77299303531362e-05
2.8771886554853e-05
2.1752672533759e-05
1.63061965443728e-05
1.21205559331847e-05
8.93421657209251e-06
6.53113876256025e-06
4.73537558861596e-06
3.40555385189366e-06
2.42953801042187e-06
1.71948018738078e-06
1.20737771176318e-06
8.41194924680144e-07
5.81557385643286e-07
3.98995913920267e-07
2.71640632132272e-07
1.84220062235079e-07
1.13002775457509e-07
