3.99045455629564e-30
2.26426321728916e-29
1.04658151669296e-28
4.35408107512317e-28
1.69268233727895e-27
6.26244162823911e-27
2.22785058085889e-26
7.67003775784464e-26
2.56652409928323e-25
8.37229074935133e-25
2.66844784097792e-24
8.32376221058268e-24
2.5444656810407e-23
7.63032915811101e-23
2.24661318210727e-22
6.49914381072309e-22
1.84834033543241e-21
5.170377110463e-21
1.42318985951234e-20
3.85624782780957e-20
1.02889125831197e-19
2.70396334366432e-19
7.00115007285083e-19
1.78638094071777e-18
4.49266291060413e-18
1.11388202181288e-17
2.72303634007543e-17
6.56467998105969e-17
1.56092157203981e-16
3.66110955509398e-16
8.47151278873923e-16
1.93408051649463e-15
4.35711322492591e-15
9.68670879925069e-15
2.12542817814339e-14
4.60306031042056e-14
9.84038235820405e-14
2.0767077189355e-13
4.32681219931385e-13
8.9006034448746e-13
1.80782965366275e-12
3.62584028498611e-12
7.18121726570417e-12
1.40458999513119e-11
2.71322553753768e-11
5.1764100445327e-11
9.7543539254241e-11
1.8155786734919e-10
3.33808299957415e-10
6.06265166479247e-10
1.08774895072871e-09
1.92802076262481e-09
3.37619425096963e-09
5.84104951909639e-09
9.9842750360961e-09
1.68623553812252e-08
2.81390430781515e-08
4.63983591632189e-08
7.55980321999675e-08
1.21715210389719e-07
1.93649880240063e-07
3.04465983021796e-07
4.73064435183593e-07
7.26394087653833e-07
1.1023131960592e-06
1.65321140786257e-06
2.45048597084582e-06
3.58993064693512e-06
5.19803644757291e-06
7.43911529059587e-06
1.05230382755632e-05
1.47132297503757e-05
2.03343812904621e-05
2.77791562657291e-05
3.75129623405294e-05
5.00756990907212e-05
6.60792697151511e-05
8.61996120669055e-05
0.000111162087815891
0.000141719298199306
0.000178620789670126
0.000222574676747866
0.000274201926201053
0.000333984876401726
0.000402212443950293
0.000478925310433943
0.000563865084272495
0.000656431889982143
0.000755654952132448
0.000860180438982247
0.000968280073351718
0.00107788281580323
0.00118663034173623
0.0012919551868497
0.00139117848677044
0.00148162237795556
0.00156073055771742
0.00162618940447305
0.00167604157770331
0.00170878423252595
0.00172344490425239
0.00171962967404529
0.0016975402766109
0.00165795915796022
0.00160220390659148
0.00153205473104854
0.0014496605295626
0.00135743042909084
0.00125791836128826
0.00115370826393291
0.00104730689136973
0.000941050091107649
0.000837026904658405
0.000737024151579661
0.000642492431124514
0.000554532883177754
0.000473902714068429
0.000401036496383711
0.000336079633156007
0.000278930131530852
0.000229284919829609
0.000186687300190074
0.000150572678057626
0.000120310367759093
9.52399640227533e-05
7.47014287862457e-05
5.80586233912021e-05
4.47164882484823e-05
3.41324218073843e-05
2.58226387875619e-05
1.93644053933622e-05
1.43950748142905e-05
1.06088013240913e-05
7.75171778208315e-06
5.61623961077788e-06
4.03502548160866e-06
2.87499420423138e-06
2.03167790838873e-06
1.42408908871012e-06
9.90195940019285e-07
6.83036779275507e-07
4.67458737828341e-07
3.17435846149493e-07
2.13904217024478e-07
1.43044261400628e-07
9.4939928436687e-08
6.25354414175346e-08
4.10329671650909e-08
2.44831575581515e-08
