1.24776433428796e-31
7.09291422342172e-31
3.28680355631709e-30
1.37183411543847e-29
5.3540036706195e-29
1.98990773486221e-28
7.11614300914805e-28
2.46436483528181e-27
8.30000163480315e-27
2.72694487943882e-26
8.75914723722825e-26
2.75526878027426e-25
8.49866873189565e-25
2.57321041997438e-24
7.65429046331615e-24
2.238430504108e-23
6.43940826551502e-23
1.82317402263687e-22
5.08247992322533e-22
1.39556324097949e-21
3.7756391637667e-21
1.00675262746537e-20
2.64640789469837e-20
6.85948144170994e-20
1.75353802429949e-19
4.42190060528928e-19
1.10013476240321e-18
2.70080281683217e-18
6.54351988808896e-18
1.56479775140328e-17
3.69390467002093e-17
8.60879822940639e-17
1.98095267468737e-16
4.50114241060697e-16
1.01001577026089e-15
2.23834764243958e-15
4.89954708014061e-15
1.05936682198275e-14
2.26271586757514e-14
4.77459352507519e-14
9.95390447841819e-14
2.05034875035409e-13
4.17315398450812e-13
8.39319767735078e-13
1.66816760641611e-12
3.27659568707539e-12
6.3605945978268e-12
1.22034907626907e-11
2.3141998850027e-11
4.33776670758953e-11
8.03706296391293e-11
1.47201079671573e-10
2.66515801371454e-10
4.77033103813258e-10
8.44116307544941e-10
1.47672058732098e-09
2.5541719856647e-09
4.36788002027453e-09
7.38537447189039e-09
1.23471761775597e-08
2.04111602054831e-08
3.3364443018421e-08
5.39295819503562e-08
8.62000888541591e-08
1.36249850703913e-07
2.12971700466109e-07
3.29211435099862e-07
5.03273932000525e-07
7.60886024847793e-07
1.13770420794758e-06
1.68245116936397e-06
2.46075019934234e-06
3.55969695576562e-06
5.09316022221332e-06
7.20773409968575e-06
1.00891717817989e-05
1.39690160860204e-05
1.91310077042026e-05
2.59167059920663e-05
3.47296107333125e-05
4.60369428938324e-05
6.03681481275952e-05
7.8309151620478e-05
0.000100491440245913
0.000127575199074095
0.000160225999233691
0.000199084928493438
0.000244732567043993
0.00029764781535776
0.000358163238365265
0.000426419244358304
0.000502319999505195
0.000585494414747171
0.000675265757957151
0.000770633378587118
0.000870269643497236
0.000972534459572454
0.00107550872481637
0.00117704676612346
0.00127484638510648
0.00136653366695798
0.00144975835076995
0.00152229445303777
0.00158214010340577
0.00162761028577746
0.00165741642733582
0.00167072753964113
0.00166720883335084
0.00164703529658304
0.00161087950480515
0.00155987475436577
0.00149555631643692
0.00141978504270277
0.0013346585997229
0.00124241619000321
0.00114534270841316
0.00104567790612339
0.000945535357729996
0.000846834950824532
0.000751251360797287
0.000660179662214657
0.000574717978477492
0.000495665981026294
0.000423537188492284
0.000358582424682614
0.00030082148159701
0.000250079982515723
0.00020602861246982
0.000168222227394458
0.000136136811094282
0.000109202763526077
8.68335235490138e-05
6.84490126755408e-05
5.34938036481841e-05
4.14502510783944e-05
3.1847064183271e-05
2.42639562915616e-05
1.83330815115649e-05
1.37379793245501e-05
1.02107084621046e-05
7.52777790933129e-06
5.50538957542744e-06
3.99440616074214e-06
2.87535841841858e-06
2.05371443218152e-06
1.45556487792489e-06
1.02361516621471e-06
7.17041828515537e-07
4.51835164559755e-07
