2.2392207596234e-30
1.27097752084957e-29
5.8772617127147e-29
2.44648018400142e-28
9.51732156921752e-28
3.52392733391535e-27
1.25476497623798e-26
4.32429562311635e-26
1.4486141664774e-25
4.7313899110539e-25
1.5100364511841e-24
4.71714917522323e-24
1.4442239060707e-23
4.33816221593454e-23
1.27956360039462e-22
3.70857589649936e-22
1.05680958187699e-21
2.96242307634557e-21
8.172294676651e-21
2.21946687312052e-20
5.93611067246517e-20
1.56396963699861e-19
4.0601131252658e-19
1.03879602518224e-18
2.61995432923968e-18
6.51491863729068e-18
1.59753134587441e-17
3.86350871472386e-17
9.21654275044124e-17
2.16902493719356e-16
5.03644262172575e-16
1.15397076963683e-15
2.60929199380356e-15
5.82304167280384e-15
1.28267357583685e-14
2.78906531196706e-14
5.98704534910246e-14
1.26885139694582e-13
2.65512215273072e-13
5.48609424470703e-13
1.11937333712697e-12
2.25551680565131e-12
4.48850520003603e-12
8.82197556801085e-12
1.71262058135014e-11
3.2840466067463e-11
6.22058103558371e-11
1.16398068028805e-10
2.15165468833607e-10
3.92942790055784e-10
7.0897872431435e-10
1.26386488918163e-09
2.22611404086661e-09
3.87425831286224e-09
6.66252145076858e-09
1.13216949640513e-08
1.90116767569395e-08
3.15484763957977e-08
5.17365824190874e-08
8.38475551005464e-08
1.34297498564002e-07
2.12589325073813e-07
3.32599660776957e-07
5.14303479633537e-07
7.86039988566565e-07
1.18742799383822e-06
1.77303418321078e-06
2.61687895443221e-06
3.81782666328743e-06
5.50584559176166e-06
7.84903354069396e-06
1.1061185586988e-05
1.54095321155628e-05
2.12221029227301e-05
2.88939875401215e-05
3.88915795587768e-05
5.17537363367952e-05
6.80886829049293e-05
8.85654710824862e-05
0.000113898902515274
0.000144827063691047
0.000182081018408438
0.000226346760152453
0.000278220225343948
0.000338156968053497
0.000406418934304558
0.000483021566482694
0.000567685119220672
0.000659794477625259
0.000758371846107798
0.000862066353359692
0.000969163863781696
0.00107761911119385
0.00118511074100532
0.00128911807591555
0.0013870165627266
0.00147618709549962
0.0015541329309686
0.0016185968872651
0.00166767107920297
0.00169989166770098
0.00171431199290056
0.00171054895276379
0.00168879944720687
0.00164982594607479
0.00159491254137112
0.00152579498952882
0.00144457003888812
0.00135359061547033
0.00125535411106847
0.00115239105391703
0.00104716088292673
0.000941960488591943
0.000838849766378519
0.00073959681387205
0.000645643756273601
0.000558092655573133
0.000477709666698429
0.000404944630070696
0.000339962673123691
0.000282684132260044
0.000232829166570161
0.000189963756095093
0.000153544287051688
0.000122958546840719
9.75616100637173e-05
7.67057315038772e-05
5.97639263849613e-05
4.61473819337005e-05
3.53171928228943e-05
2.67911455176024e-05
2.01464023804721e-05
1.50189720837309e-05
1.11008185381639e-05
8.13537708954107e-06
5.91213367025931e-06
4.26079661621855e-06
3.04546506604353e-06
2.15908158415675e-06
1.5183557052741e-06
1.0592623055301e-06
7.33154549018448e-07
5.03484469010935e-07
3.43092829447687e-07
2.32010994911138e-07
1.55709752452632e-07
1.03706138110589e-07
6.88046604605155e-08
4.14375433909493e-08
