3.93408384154159e-32
2.2376009221711e-31
1.03771341542086e-30
4.33556396638514e-30
1.69416253405031e-29
6.30568105046253e-29
2.25868214388859e-28
7.83635930123491e-28
2.64467831232885e-27
8.70847189733741e-27
2.80403347395593e-26
8.84352396551203e-26
2.73549578531197e-25
8.30744629489949e-25
2.47906126876888e-24
7.2744259318781e-24
2.10017914086846e-23
5.96864937212977e-23
1.67048784016497e-22
4.60594649922534e-22
1.25153639612415e-21
3.35228733112635e-21
8.85365237559709e-21
2.30614112814967e-20
5.92543634487157e-20
1.5021256835589e-19
3.75765478023989e-19
9.27724599599271e-19
2.26086326119354e-18
5.43925218196009e-18
1.29201090297171e-17
3.03042758055826e-17
7.01936311151162e-17
1.60579427712341e-16
3.62844163441218e-16
8.09889241731077e-16
1.78583521774835e-15
3.89045512025263e-15
8.37401793285561e-15
1.7810303159543e-14
3.74317936922932e-14
7.77442705511957e-14
1.59580485263152e-13
3.23741804498971e-13
6.49154745610636e-13
1.28661886185719e-12
2.52071991325552e-12
4.88193636706419e-12
9.34698286927239e-12
1.769215485201e-11
3.31083346872956e-11
6.12573065449394e-11
1.12061997496095e-10
2.02700126296315e-10
3.62543028149638e-10
6.41193448728777e-10
1.12138857803633e-09
1.93942839656541e-09
3.31706889096534e-09
5.61061465740843e-09
9.38541023497524e-09
1.55272376146758e-08
2.54064584714981e-08
4.11162570937689e-08
6.58131551413758e-08
1.04196091003334e-07
1.63169623737217e-07
2.52746821805445e-07
3.87257373815925e-07
5.8693521986531e-07
8.79965842263867e-07
1.3050740143803e-06
1.91472549763821e-06
2.77899769977744e-06
3.99014129355454e-06
5.66780409329301e-06
7.96481770390538e-06
1.10733556328891e-05
1.52311599258142e-05
2.07274061469835e-05
2.79076414848681e-05
3.71770997076761e-05
4.90015853454747e-05
6.39050468251876e-05
8.24629452487731e-05
0.000105290592826766
0.000133025800476459
0.000166305449451436
0.000205735989335341
0.000251858354187662
0.000305108355572401
0.00036577421620059
0.000433953497975436
0.000509512190302843
0.000592049091192885
0.000680868770527876
0.000774966298970688
0.000873026524293142
0.000973439973504104
0.00107433648005509
0.00117363643984155
0.00126911827737542
0.00135849936742735
0.00143952643324463
0.00151007045490629
0.00156822047993157
0.00161237051347595
0.00164129391818108
0.00165420046868689
0.00165077233046629
0.00163117667201643
0.00159605424598795
0.00154648494237643
0.00148393287673634
0.00141017489347021
0.00132721733140859
0.00123720644723834
0.00114233799678413
0.00104477115360828
0.000946551256851307
0.000849544913755455
0.000755389843368839
0.000665460648728237
0.000580850551270569
0.000502368102905352
0.000430547074307758
0.000365667141825802
0.000307782672069036
0.00025675682054175
0.000212298286989846
0.000173998360668091
0.000141366292118978
0.000113861492392764
9.09215385519429e-05
7.19854165214004e-05
5.65118297467207e-05
4.39927263240173e-05
3.39624399949941e-05
2.60030020040925e-05
1.9746268233691e-05
1.48735306199278e-05
1.11132572739991e-05
8.23754617945882e-06
6.05779616790197e-06
4.42000663440848e-06
3.20004549237444e-06
2.29871327271684e-06
1.64477433136265e-06
1.05471459334205e-06
