7.62664069693166e-25
4.29322279600434e-24
1.96242627910073e-23
8.04929770832388e-23
3.07600512039061e-22
1.11541358977317e-21
3.87797662913199e-21
1.30107147491686e-20
4.23057313845747e-20
1.33727096917765e-19
4.11840792510176e-19
1.23783184597201e-18
3.63568274715236e-18
1.04461281622547e-17
2.93857587103949e-17
8.09903276595087e-17
2.18825012410158e-16
5.79885745586438e-16
1.50783199003031e-15
3.84846218424056e-15
9.64459256630225e-15
2.37391462419422e-14
5.74036261912618e-14
1.36396614800404e-13
3.18526236340311e-13
7.31211892268202e-13
1.65032571643194e-12
3.66260678906082e-12
7.99402670057938e-12
1.71613446573152e-11
3.62409051813737e-11
7.52933525672859e-11
1.53910644498259e-10
3.09582676953873e-10
6.12800985391044e-10
1.19380511196985e-09
2.2890363964639e-09
4.32025404676293e-09
8.02663161694003e-09
1.46809180473032e-08
2.64359968507595e-08
4.68690359513269e-08
8.18178518506169e-08
1.40638568402233e-07
2.38054567251234e-07
3.9681184766915e-07
6.51400497097881e-07
1.05313798719755e-06
1.67692549757816e-06
2.62996737483054e-06
4.06266662758237e-06
6.18175483001261e-06
9.26546333449198e-06
1.36801810848865e-05
1.98975719938907e-05
2.85105606565412e-05
4.02459836384148e-05
5.59711187824168e-05
7.66908501146324e-05
0.000103532026594961
0.000137711762938251
0.000180487130277611
0.000233084972832161
0.000296612472964471
0.000371951484246755
0.000459642362814839
0.000559765745181986
0.000671833054915831
0.000794698042264692
0.000926501968803698
0.00106466384581445
0.00120592429884036
0.00134644727013861
0.00148197824514627
0.0016080515876568
0.00172023364326893
0.00181438333266836
0.0018869087487172
0.00193499734371414
0.00195679889946538
0.00195154451457163
0.00191959087141615
0.00186238632142974
0.00178236293548647
0.00168276565489227
0.00156743520490902
0.00144056488721185
0.00130645245256638
0.00116926700975378
0.00103284769648644
0.000900546196302895
0.000775119828453391
0.000658676571297331
0.000552668618150112
0.000457927357858133
0.000374730268901079
0.000302889160926168
0.000241849363157212
0.000190790592884591
0.000148722020966358
0.00011456615628313
8.72283034418068e-05
6.56502784962372e-05
4.88486453941715e-05
3.59388887077387e-05
2.6147660409363e-05
1.8815574231422e-05
1.33930452765784e-05
9.43147255736971e-06
6.57172404350537e-06
4.53148229285774e-06
3.09260196932306e-06
2.08925858059886e-06
1.39735390192281e-06
9.25397272338876e-07
6.06902584587457e-07
3.94221133547129e-07
2.53659932490749e-07
1.61702038183481e-07
1.02138858564665e-07
6.39349331560485e-08
3.96658269907552e-08
2.43940986930822e-08
1.48730953151059e-08
8.99133259435517e-09
5.39026461913901e-09
3.20491132206091e-09
1.89015665152009e-09
1.10588688357078e-09
6.41962015979218e-10
3.69783527363345e-10
2.11387139007678e-10
1.19937438162005e-10
6.75503923102584e-11
3.77701599570987e-11
2.09685208180577e-11
1.15593710717137e-11
6.32844052262398e-12
3.44114651196114e-12
1.85866316640245e-12
9.97322509153649e-13
5.31683901054637e-13
2.81643124373542e-13
1.48257469551783e-13
7.75619919317207e-14
4.03312099386718e-14
2.08440210347974e-14
1.07368169177727e-14
5.19406269670487e-15
