9.35291562755643e-10
4.69688303482624e-09
1.93825323818136e-08
7.15760729677333e-08
2.44751210863702e-07
7.77099394251858e-07
2.29247008260919e-06
6.28641670608454e-06
1.60304290350127e-05
3.80254670828118e-05
8.39284749500077e-05
0.000172400711324147
0.000329628327607291
0.000586676000759214
0.000972000107795046
0.00149902949089221
0.00215174508636727
0.00287443589943546
0.00357296249705025
0.0041318566470465
0.00444457393661319
0.00444648699929177
0.00413669494868379
0.00357855820033681
0.00287857822843081
0.00215326573344633
0.00149812263535609
0.000969760244269256
0.000584325053021711
0.000327949286499047
0.000171597228992115
8.38061803599921e-05
3.82614776529811e-05
1.6360716943508e-05
6.56818196987277e-06
2.48306704776219e-06
8.87195671898687e-07
3.00916314316541e-07
9.73887321435459e-08
3.02526708007846e-08
9.07846025708366e-09
2.64957443212769e-09
7.57046021561266e-10
2.13042610228358e-10
5.93479692220281e-11
1.64295380387688e-11
4.53208322640096e-12
1.24785008090024e-12
3.43273266968887e-13
9.4394719775911e-14
2.59529706874479e-14
7.1351191640581e-15
1.96158370336362e-15
5.39274399013144e-16
1.4825590622369e-16
4.07581069961121e-17
1.12051057153362e-17
3.08047650549737e-18
8.46876030842686e-19
2.32820802126262e-19
6.40064471301235e-20
1.75964743558162e-20
4.83757377009602e-21
1.32993232098076e-21
3.65621293327391e-22
1.00515588669814e-22
2.7633465966087e-23
7.59691557701846e-24
2.08852289304476e-24
5.74170902723648e-25
1.57849467023977e-25
4.33955362794586e-26
1.19301800917437e-26
3.27981191671112e-27
9.01676766509568e-28
2.47886467855272e-28
6.81482580322322e-29
1.87351294849189e-29
5.15060967003237e-30
1.41599127961116e-30
3.89280382786653e-31
1.0701987971574e-31
2.94216075631238e-32
8.08850648961391e-33
2.22366969895033e-33
6.11325086575516e-34
1.68063791872046e-34
4.62036300467135e-35
1.27021734170967e-35
3.49204617375024e-36
9.60023617941674e-37
2.63927021908771e-37
7.255808252195e-38
1.99474661638924e-38
5.48390189665309e-39
1.50761905121322e-39
4.14470434813623e-40
1.13945058731085e-40
3.13254585096493e-41
8.61190789462518e-42
2.36756175692247e-42
6.50883490793046e-43
1.78939078293624e-43
4.91934335307217e-44
1.35241218721968e-44
3.71801395606605e-45
1.02214605193117e-45
2.81005548613901e-46
7.72532635650359e-47
2.12382522725519e-47
5.83876122220816e-48
1.60517598964679e-48
4.41290516888804e-49
1.21318361071946e-49
3.33525062739833e-50
9.16917822600987e-51
2.5207649658975e-51
6.93001690737271e-52
1.90518096634101e-52
5.23767050358345e-53
1.43992580173604e-53
3.95860395014658e-54
1.0882883836947e-54
2.99189214430247e-55
8.22522663776769e-56
2.26125642167546e-56
6.21658323807143e-57
1.70904576700931e-57
4.69846107077714e-58
1.29168784474618e-58
3.55107228331053e-59
9.76250911749827e-60
2.68388184372261e-60
7.37845328938319e-61
2.02846384876981e-61
5.57659637377739e-62
1.5331023589544e-62
4.21476234873974e-63
1.15871073790987e-63
3.18549532110413e-64
8.75747510468392e-65
2.40758068929525e-65
6.61885384301105e-66
1.81963688482766e-66
5.00249492228503e-67
1.37527324055795e-67
3.78077160664374e-68
1.04006356465292e-68
2.81098260717007e-69
