4.45392803410323e-23
2.49876294533562e-22
1.13678620411088e-21
4.63471434313664e-21
1.75824079098397e-20
6.32130220539289e-20
2.1762632515969e-19
7.22105203154686e-19
2.31925571665125e-18
7.23226560127457e-18
2.19453626987159e-17
6.49057774404154e-17
1.87353749191295e-16
5.28359145848078e-16
1.45695906120847e-15
3.93111407196543e-15
1.03844511406285e-14
2.68696453163438e-14
6.81288747437844e-14
1.69335259138533e-13
4.1271161640224e-13
9.86618157216851e-13
2.31398849774078e-12
5.32571963334019e-12
1.20305714451943e-11
2.6678586712629e-11
5.80869783329514e-11
1.24193514794704e-10
2.60785058614514e-10
5.37879487380475e-10
1.089824217412e-09
2.16942246929785e-09
4.24318250847871e-09
8.15529875555945e-09
1.54037542016631e-08
2.85948150525052e-08
5.21741278729312e-08
9.3575336214231e-08
1.64981430273607e-07
2.85958900805038e-07
4.87296014645569e-07
8.16445319231643e-07
1.34502177613476e-06
2.17881938416922e-06
3.47075109977314e-06
5.4369540154913e-06
8.37599754237721e-06
1.26906562858367e-05
1.8911047506617e-05
2.77171008548517e-05
3.9957382860017e-05
5.66603497280198e-05
7.90333131626002e-05
0.000108443984882352
0.000146379648517677
0.000194380008772378
0.000253941735845417
0.000326395683041043
0.000412761558446681
0.000513589125886912
0.000628799247174395
0.000757541560769313
0.000898087573541852
0.00104777775497111
0.00120303842680592
0.00135947875579053
0.00151207034705405
0.00165540261973388
0.0017839975156705
0.00189265854274106
0.00197682305784313
0.00203288414761936
0.00205845007241097
0.0020525149750504
0.00201552374058129
0.00194932528966762
0.0018570206107895
0.00174272281855652
0.00161125500452885
0.00146781659881235
0.00131764994652327
0.00116573600162344
0.00101654216811443
0.000873837462873185
0.000740581580988107
0.000618886301675935
0.000510040935665656
0.000414588793924603
0.000332439183332363
0.000262999091048591
0.000205310126128803
0.000158178910555928
0.000120292375021567
9.03127896790754e-05
6.69504315678246e-05
4.90142863320027e-05
3.54429737508435e-05
2.53191684659109e-05
1.78712420657649e-05
1.24658152373966e-05
8.5945323023465e-06
5.85780097848482e-06
3.94759948964193e-06
2.63083123515872e-06
1.73416164634597e-06
1.13083157550727e-06
7.2961350253943e-07
4.65852972789218e-07
2.94401502687928e-07
1.84178909668865e-07
1.14083154745185e-07
6.99773194928415e-08
4.2512727488321e-08
2.55845346242244e-08
1.52546829088196e-08
9.0129167744789e-09
5.27755288629395e-09
3.06318011830983e-09
1.76259246165568e-09
1.00562599548042e-09
5.68972251195377e-10
3.19285726642339e-10
1.7773155816377e-10
9.8153999733716e-11
5.37861696314425e-11
2.92490733415009e-11
1.57866928583463e-11
8.45795544849394e-12
4.49874524992177e-12
2.37588125227555e-12
1.24600530585817e-12
6.48978579332696e-13
3.35744259367655e-13
1.72546449791482e-13
8.80994278408882e-14
4.46950273827873e-14
2.25326792166092e-14
1.12896750113677e-14
5.62226795849876e-15
2.78322746242527e-15
1.36973816648249e-15
6.70226855912184e-16
3.26095136686658e-16
1.5777819260217e-16
7.5922543102123e-17
3.63377459189935e-17
1.72982222286423e-17
8.21007876601513e-18
3.69106677328046e-18
