6.8267180689848e-13
3.70475535701686e-12
1.6095720129916e-11
6.18783607531539e-11
2.18524295542422e-10
7.21508409462261e-10
2.24845997022761e-09
6.6495893261142e-09
1.87244773869476e-08
5.03088664312414e-08
1.2915567302412e-07
3.17140948300202e-07
7.45398442692408e-07
1.67795538205655e-06
3.61942672861271e-06
7.48417854023824e-06
1.4840348783289e-05
2.82272108821331e-05
5.15139276390882e-05
9.02206941235855e-05
0.000151666446093125
0.000244759053855214
0.000379233745771484
0.000564206645062953
0.000806064195241815
0.00110594590307134
0.00145734164108269
0.00184451792572498
0.00224249893536267
0.00261908274569497
0.00293888380420132
0.00316878193647815
0.00328363244473398
0.00327086415574307
0.00313278637696134
0.00288600856040587
0.00255815857160989
0.00218279548661247
0.00179381212295686
0.00142060268281249
0.00108488759372482
0.000799519106127289
0.000569049879691073
0.000391491829575655
0.000260582442848974
0.00016797306512195
0.000104965726180672
6.36539999090014e-05
3.75009990395822e-05
2.14869745582534e-05
1.19867960984286e-05
6.5178828750466e-06
3.45829732736117e-06
1.79242370772139e-06
9.08453260035281e-07
4.50710305413624e-07
2.19109588478129e-07
1.04475718641772e-07
4.89062691977036e-08
2.24955818794156e-08
1.01761762758178e-08
4.53085860194043e-09
1.9871076304861e-09
8.59066314369658e-10
3.6635247732592e-10
1.5421451187746e-10
6.41174024444494e-11
2.63455376443136e-11
1.0704349180641e-11
4.30292211206102e-12
1.7121103533227e-12
6.74633466238556e-13
2.63368077181107e-13
1.01905563909486e-13
3.90969001171153e-14
1.48784247118036e-14
5.61814934443629e-15
2.10568952536309e-15
7.83601401744436e-16
2.89616641809181e-16
1.06340797747193e-16
3.88006063329918e-17
1.40717231966773e-17
5.07374289856625e-18
1.81919340689651e-18
6.48769353623918e-19
2.30170611906697e-19
8.12531343995231e-20
2.85456227513564e-20
9.98211562108775e-21
3.47504309001367e-21
1.20453579234426e-21
4.15781617522976e-22
1.42941391141607e-22
4.89503810415646e-23
1.66999433794925e-23
5.67659242701231e-24
1.9227585748732e-24
6.49044379024584e-25
2.18364855622807e-25
7.32308208016657e-26
2.44821781071899e-26
8.16002652025294e-27
2.71179662539069e-27
8.98635835335198e-28
2.96966137761279e-28
9.7872518468265e-29
3.21719888307569e-29
1.05484764237329e-29
3.45005782407824e-30
1.12568472141079e-30
3.66428090226591e-31
1.19006066854376e-31
3.85641313197044e-32
1.24697257309052e-32
4.02358349997871e-33
1.29561182181778e-33
4.1635589365589e-34
1.33537681721544e-34
4.27477107344566e-35
1.36587732248578e-35
4.35631754174814e-36
1.38693115562315e-36
4.40794055101585e-37
1.39855422024425e-37
4.42998618085425e-38
1.40094503302311e-38
4.4233482206351e-39
1.39446499323181e-39
4.38940053889079e-40
1.37961564966203e-40
4.32992189024985e-41
1.35701416728955e-41
4.247016818195e-42
1.32736809472059e-42
4.14303593195871e-43
1.29145039794037e-43
4.02049836926322e-44
1.25007556944098e-44
3.88201874307565e-45
1.2040774561646e-45
3.73024034426131e-46
1.15428928458083e-46
3.56777586823141e-47
1.10152614748141e-47
3.3971608314858e-48
1.04653659645364e-48
3.22338692730098e-49
9.70280463559471e-50
