2.48991470031359e-23
1.39761679190539e-22
6.36286159681068e-22
2.59652596599537e-21
9.86115762681444e-21
3.54992358806048e-20
1.22396642942373e-19
4.06805587694689e-19
1.30902039246662e-18
4.09041055866763e-18
1.24398180408553e-17
3.68822973755777e-17
1.06744531879242e-16
3.018888763975e-16
8.35000132797715e-16
2.2602865397772e-15
5.99139594458285e-15
1.55593542123085e-14
3.96036370256487e-14
9.8835964392769e-14
2.41917897817825e-13
5.80917454233984e-13
1.36886673656435e-12
3.16594851246588e-12
7.18833895536514e-12
1.60255610285599e-11
3.50856015371688e-11
7.54467512751099e-11
1.59370430889592e-10
3.3073909149688e-10
6.74411160551555e-10
1.35136469536463e-09
2.66117130097529e-09
5.15070142513176e-09
9.7992156171657e-09
1.83266578065098e-08
3.3695786320852e-08
6.09115356642384e-08
1.08264100971598e-07
1.89216040462859e-07
3.25196555248219e-07
5.49633131285548e-07
9.13612345446278e-07
1.4936022816777e-06
2.40166630763004e-06
3.79852306188645e-06
5.90962713901597e-06
9.04412604084022e-06
1.36160659541129e-05
2.01665639077056e-05
2.93848582956233e-05
4.21252557534915e-05
5.94161206474946e-05
8.24563639315528e-05
0.00011259457982455
0.000151286265910722
0.000200025636962549
0.000260250527059576
0.000333221769377456
0.000419882084974721
0.000520703550779899
0.00063553662598151
0.000763476842697972
0.000902766924667437
0.00105075168866833
0.00120390023113748
0.00135790456944258
0.00150785646612697
0.00164849539961692
0.00177451167228256
0.0018808807565221
0.00196319942533714
0.00201799198708704
0.00204295657900384
0.00203712692642277
0.00200093360349883
0.00193615949113602
0.00184579535706202
0.00173381174908129
0.0016048713481223
0.0014640106247575
0.00131632066633823
0.00116665454097838
0.0010193831833092
0.0008782145151114
0.000746082494995375
0.000625105126549197
0.000516604040440367
0.000421173689935416
0.000338785701412191
0.000268913420492344
0.00021066286025707
0.000162898609277904
0.000124356262493163
9.3736102436839e-05
6.97756845445811e-05
5.13013994157547e-05
3.72608607236442e-05
2.67390793010501e-05
1.89618975067431e-05
1.32901918577012e-05
9.20804623999531e-06
6.30758971294804e-06
4.27259912809427e-06
2.86237636930858e-06
1.89688183351657e-06
1.24367156743171e-06
8.06855472368883e-07
5.18063313916112e-07
3.29260050838647e-07
2.07174347127462e-07
1.29075784698548e-07
7.9640867326993e-08
4.86720381920559e-08
2.94675947959229e-08
1.76766509928471e-08
1.05078339379673e-08
6.19086452244239e-09
3.61560034397926e-09
2.09346556740535e-09
1.20190980941958e-09
6.8432442863305e-10
3.86454907995421e-10
2.16492965764996e-10
1.20325457656109e-10
6.63589698450324e-11
3.63185711226094e-11
1.97288835046427e-11
1.06384298445207e-11
5.69520639381368e-12
3.02728249016642e-12
1.59794425075548e-12
8.37699287177545e-13
4.36198517758065e-13
2.25631865151626e-13
1.15954233844353e-13
5.92095113557332e-14
3.00443519576988e-14
1.51512188438784e-14
7.5943674746431e-15
3.78390282815799e-15
1.87429002427603e-15
9.23050144912553e-16
4.52009787101758e-16
2.20113062563726e-16
1.06601195687228e-16
5.13438958729838e-17
2.46544049342015e-17
1.12009916604216e-17
