2.22248751662445e-31
1.26300538644765e-30
5.85029025275727e-30
2.44050714053721e-29
9.51885852578526e-29
3.53525477241475e-28
1.26318982363307e-27
4.37039166211402e-27
1.47041759232999e-26
4.82549879956908e-26
1.54805918974504e-25
4.86302416087361e-25
1.49784598265161e-24
4.52816912924543e-24
1.34474765969058e-23
3.92577643304568e-23
1.12727966297998e-22
3.18548347147753e-22
8.86221430518298e-22
2.42824956360054e-21
6.55495058030436e-21
1.74379251043551e-20
4.57277571164536e-20
1.18228856962804e-19
3.01449460027059e-19
7.58112160826097e-19
1.88084758031147e-18
4.6040698089809e-18
1.11214099508809e-17
2.65133219101866e-17
6.23888878085506e-17
1.44923178718166e-16
3.32354320174397e-16
7.52558113706666e-16
1.68264952834404e-15
3.71534756897372e-15
8.10200335434601e-15
1.74504088656917e-14
3.71253197711869e-14
7.80217543074027e-14
1.61983240795792e-13
3.32246059997775e-13
6.73302410949366e-13
1.34817115587947e-12
2.6673943839831e-12
5.21505038901702e-12
1.00758012695729e-11
1.92384587476866e-11
3.63035811672302e-11
6.77072613427265e-11
1.24808715458695e-10
2.27402392164086e-10
4.09544845795337e-10
7.29087139618606e-10
1.28304990869489e-09
2.23207006533974e-09
3.83871378170239e-09
6.52664870222412e-09
1.0970686813449e-08
1.8231755817898e-08
2.99561414329264e-08
4.86650473971651e-08
7.81687495394659e-08
1.24149337341684e-07
1.94966973282766e-07
3.02756155035679e-07
4.64889588788051e-07
7.05896367836572e-07
1.05992595566297e-06
1.57384709087182e-06
2.31105766177774e-06
3.35605394372998e-06
4.81976142159312e-06
6.84556131737496e-06
9.61585473990033e-06
1.33588900257723e-05
1.83554413738672e-05
2.49447752657911e-05
3.35291869881835e-05
4.45762492180236e-05
5.86178088721296e-05
7.62447211735729e-05
9.80963460638885e-05
0.000124843974575888
0.000157167618723087
0.000195725995233888
0.00024112005485485
0.000293851032240274
0.000354274676019165
0.000422554006801339
0.000498613571321637
0.000582098634755803
0.000672343002524577
0.000768349120629169
0.000868783724065355
0.000971991571110733
0.00107602873950672
0.00117871563087943
0.00127770833178686
0.00137058544303336
0.00145494606027561
0.00152851341685377
0.00158923791655523
0.00163539298915998
0.00166565744816141
0.00167917881616518
0.00167561335062612
0.00165514014088028
0.00161844850737187
0.00156669984329175
0.00150146682205653
0.00142465439216346
0.00133840806864007
0.00124501562847455
0.00114680839962314
0.00104606792546851
0.000944942961048026
0.000845380620845345
0.000749074177650278
0.000657428640077362
0.000571543935468129
0.000492214396607941
0.000419942367458963
0.000354963144830634
0.000297278167409528
0.000246693330658672
0.000202859504032785
0.000165312700218388
0.000133511833302224
0.00010687254374007
8.47961094481692e-05
6.66929616345397e-05
5.20007510392667e-05
4.01972477015166e-05
3.08085994060178e-05
2.34136242235797e-05
1.76448815700188e-05
1.31872687216168e-05
9.7748423206889e-06
7.18648350366944e-06
5.24092570853821e-06
3.7915582933213e-06
2.72131624259749e-06
1.93787297687597e-06
1.36927309236134e-06
9.60084066493154e-07
6.67964011387393e-07
4.6291795880874e-07
2.89123627380774e-07
