1.46463063401361e-21
8.19002576234456e-21
3.70887964469198e-20
1.50328203886377e-19
5.66249512404351e-19
2.0188776459417e-18
6.88416339682485e-18
2.25962819098711e-17
7.1703260714687e-17
2.20633151171086e-16
6.59769605408186e-16
1.92055731690707e-15
5.44924069881682e-15
1.50855785947599e-14
4.07814860339976e-14
1.07729047332791e-13
2.78237607294531e-13
7.0294044155867e-13
1.73787031578594e-12
4.20595703136802e-12
9.96767960731515e-12
2.313781780197e-11
5.26203878509796e-11
1.17268753475705e-10
2.56148161696177e-10
5.48475225392278e-10
1.151460354943e-09
2.37044897587169e-09
4.78586149417046e-09
9.4774428031348e-09
1.84108263658482e-08
3.50874896785205e-08
6.56101046404358e-08
1.20383806153638e-07
2.16760957121198e-07
3.83039831540386e-07
6.64337329892913e-07
1.13095438075689e-06
1.88991035605327e-06
3.10029676699795e-06
4.99293582793497e-06
7.89446455929059e-06
1.22553424225293e-05
1.86803635427389e-05
2.79590500217315e-05
4.10918845790256e-05
5.93068703742455e-05
8.40596415311573e-05
0.00011700963298125
0.000159965042580965
0.00021479084946043
0.000283277241459965
0.000366970481990222
0.000466974231591139
0.000583735989847034
0.000716839657182878
0.00086483002031671
0.00102509699124004
0.00119384565112191
0.00136617203380671
0.00153625430695474
0.00169765556539263
0.00184371958686172
0.00196802687441059
0.00206486750812047
0.00212968180297493
0.00215942080071512
0.00215278641675935
0.00211032465137055
0.00203436266227693
0.00192879902290986
0.00179877332931439
0.00165025400359067
0.0014895900053966
0.00132307259536154
0.00115654777487934
0.000995109943537847
0.00084289462606732
0.00070297494464964
0.000577354745851125
0.000467042319528152
0.000372183196638384
0.000292228650434797
0.000226117774112157
0.000172454537005174
0.000129666057236333
9.61335416106898e-05
7.0292182059097e-05
5.07002585557092e-05
3.60805354544815e-05
2.53387281118006e-05
1.75644967662887e-05
1.20203241168194e-05
8.12301094673706e-06
5.42162270088443e-06
3.57473588741851e-06
2.32890598470208e-06
1.4994912825141e-06
9.54355581899429e-07
6.00538117201324e-07
3.73700973297264e-07
2.30011564898989e-07
1.40056934304431e-07
8.43870652148555e-08
5.03210089977275e-08
2.97036502691913e-08
1.73596542855745e-08
1.00467519794485e-08
5.7589730352879e-09
3.2702376813362e-09
1.83995575134787e-09
1.02590417539757e-09
5.66961818564139e-10
3.10615634978816e-10
1.68728644173806e-10
9.08913322846703e-11
4.85618283891833e-11
2.57380637030755e-11
1.35342121922954e-11
7.06208538014705e-12
3.6571354732456e-12
1.87984091110003e-12
9.59258410501225e-13
4.86010630101925e-13
2.44518313186423e-13
1.22177436673036e-13
6.06375791543547e-14
2.98964681037453e-14
1.46446772157762e-14
7.1281213045315e-15
3.4479263270239e-15
1.65759932105937e-15
7.92117725829055e-16
3.76302627721012e-16
1.77733688850554e-16
8.34706476019199e-17
3.8982959027521e-17
1.81066132472644e-17
8.36497104888704e-18
3.84413681448689e-18
1.75744527085957e-18
7.99380973438837e-19
3.61788150329252e-19
1.6293785809718e-19
7.30288431615737e-20
3.25769398129061e-20
1.44632246326477e-20
6.40436256308918e-21
2.70373189588529e-21
