1.47142367878981e-10
7.78450393395243e-10
3.28517515688795e-09
1.23047066784007e-08
4.22860138703288e-08
1.35274846640694e-07
4.0488717637398e-07
1.13636308657348e-06
2.99386146039823e-06
7.40950197576265e-06
1.72361206525732e-05
3.77044316958149e-05
7.75925328036106e-05
0.000150265607214235
0.000273915246222639
0.000470072221389011
0.000759543710089039
0.00115559554533852
0.00165550501098278
0.00223316103547823
0.00283635354506081
0.00339184808579203
0.0038189088206958
0.00404831463914308
0.00404081456282486
0.00379823766016362
0.00336289393122732
0.00280550495026228
0.0022063980433278
0.00163684670377668
0.00114640158540583
0.000758766868419809
0.000475173974138837
0.00028196585169081
0.000158806045476631
8.50534627323488e-05
4.34107475354325e-05
2.11641198381616e-05
9.88095893617329e-06
4.42953467795554e-06
1.91200295745017e-06
7.96942564674291e-07
3.21670890152921e-07
1.26083769099503e-07
4.81218267510416e-08
1.79296342280697e-08
6.53705860757071e-09
2.33736087796318e-09
8.21228831151609e-10
2.84035322380208e-10
9.68591684017005e-11
3.26122946290825e-11
1.08551239744898e-11
3.57583624246543e-12
1.16688981797454e-12
3.77538985027778e-13
1.21199402336755e-13
3.86309306265669e-14
1.2232702915038e-14
3.85026260910363e-15
1.2051533345014e-15
3.75284064720392e-16
1.1630726512642e-16
3.5886332380046e-17
1.10270417938302e-17
3.37532983045539e-18
1.02945896647387e-18
3.12921927124344e-19
9.48171384957593e-20
2.86446534434258e-20
8.62941268352026e-21
2.59279817995411e-21
7.77086421963412e-22
2.3234932057293e-22
6.93168527609504e-23
2.06353304440305e-23
6.13063338453912e-24
1.8178725801993e-24
5.38053606511303e-25
1.5897497648724e-25
4.68929667593314e-26
1.3810032155966e-26
4.06087800138463e-27
1.19237204866031e-27
3.49620414971161e-28
1.02376405548296e-28
2.99394984310651e-29
8.74485860168585e-30
2.55120582883926e-30
7.43433749042203e-31
2.16402191857953e-31
6.29247033527318e-32
1.82783684463047e-32
5.30427610764569e-33
1.53780816989852e-33
4.45430234598121e-34
1.28905705648799e-34
3.72728221930142e-35
1.07684265984078e-35
3.10859133352505e-36
8.96679910502852e-37
2.5845455298557e-37
7.44412924948857e-38
2.14257568697221e-38
6.16254556412163e-39
1.77130998657519e-39
5.08800854023645e-40
1.4605887257412e-40
4.19027563064424e-41
1.20143184186565e-41
3.44274335171072e-42
9.85974995637436e-43
2.82221052185168e-43
8.07386378519572e-44
2.30859604357681e-44
6.59773358158591e-45
1.88463591652932e-45
5.38085598118975e-46
1.53557716888805e-46
4.38019320176112e-47
1.24888088870231e-47
3.55925845016915e-48
1.01394229384337e-48
2.88726378701477e-49
8.2183257921832e-50
2.33834141087638e-50
6.65064923540188e-51
1.89084299530057e-51
5.37385351357092e-52
1.52671725688628e-52
4.33587981478788e-53
1.23096292536555e-53
3.4935342773684e-54
9.91152375666053e-55
2.81108652320769e-55
7.97020084573159e-56
2.25906325899125e-56
6.40109566436375e-57
1.8132165958523e-57
5.13472348465963e-58
1.45364693006298e-58
4.11412732444509e-59
1.16406113392151e-59
3.29272455620331e-60
9.31148117991143e-61
2.63250085348993e-61
7.44036885155321e-62
2.1038685940769e-62
5.83767880724871e-63
