1.15502860607955e-13
6.29459728424708e-13
2.74943027981775e-12
1.06413954092462e-11
3.78844343476677e-11
1.26305215241959e-10
3.98223681661612e-10
1.19425920123996e-09
3.41909591818269e-09
9.36693775073539e-09
2.45958883301541e-08
6.19739014740234e-08
1.49972415230733e-07
3.48787934556474e-07
7.79998595980872e-07
1.67804344413101e-06
3.47419610581522e-06
6.9244980884316e-06
1.32900520073363e-05
2.45682583243386e-05
4.37544012149444e-05
7.50838325232984e-05
0.000124169489828801
0.000197917389775819
0.00030409010054562
0.000450414077321903
0.000643205943651949
0.000885625894583757
0.00117583097623703
0.00150544973865012
0.00185887008362056
0.00221376790394812
0.0025430831646459
0.00281830540777542
0.00301355227916752
0.00310963545691973
0.00309721950039939
0.00297834281352103
0.00276595153021767
0.00248158254618756
0.00215176900556141
0.00180399828253738
0.00146306550088945
0.00114845811547755
0.000873070750534122
0.00064320219997455
0.000459526806347557
0.000318610250569655
0.000214551417570579
0.00014043571019514
8.9425649451812e-05
5.54444850125458e-05
3.35001242777514e-05
1.97428818844826e-05
1.13589080023597e-05
6.38571528857448e-06
3.51084345439149e-06
1.88938009673008e-06
9.96101161072487e-07
5.14903528526836e-07
2.6117959036848e-07
1.30102537289119e-07
6.3693702595384e-08
3.06683730726138e-08
1.45336842215748e-08
6.78338375767484e-09
3.12022093177762e-09
1.41534699642425e-09
6.33486480397831e-10
2.79933557734415e-10
1.22194187953541e-10
5.27166349747966e-11
2.24884284265483e-11
9.49045796278273e-12
3.96391410115424e-12
1.63927993683416e-12
6.71502380990482e-13
2.72566569371164e-13
1.0966928984517e-13
4.37556237976458e-14
1.73165236405972e-14
6.79986160186846e-15
2.65020745003878e-15
1.02546704886196e-15
3.94040853722327e-16
1.50400240759883e-16
5.70358965560369e-17
2.14951349714894e-17
8.05228616738718e-18
2.99899555279064e-18
1.11069874583387e-18
4.09131408284383e-19
1.49918041206468e-19
5.46568252248303e-20
1.98292292730463e-20
7.15989256816341e-21
2.57342610629749e-21
9.20839303844501e-22
3.28082191796852e-22
1.16403297099455e-22
4.11326263066392e-23
1.44776658468571e-23
5.07635330285751e-24
1.77335007064961e-24
6.17266422050317e-25
2.14106917706308e-25
7.40135395236478e-26
2.55008672464893e-26
8.75792663745152e-27
2.9983890506919e-27
1.02341386288467e-27
3.48278099190602e-28
1.1818060449725e-28
3.99892983296233e-29
1.34942909065105e-29
4.54145585543207e-30
1.52443118060834e-30
5.10406464444678e-31
1.70469645667921e-31
5.67971429086784e-32
1.88790244708749e-32
6.26080915776875e-33
2.07158445899986e-33
6.83941100314069e-34
2.25320395810368e-34
7.40745796067624e-35
2.43021795134551e-35
7.95698213249021e-36
2.60014654594194e-36
8.48031726666413e-37
2.76063614797094e-37
8.97028908327254e-38
2.90951615511802e-38
9.42038216934602e-39
3.04484745647843e-39
9.82487887873103e-40
3.16496154442376e-40
1.01789672454777e-40
3.26848953893344e-41
1.04788164590807e-41
3.35438089725316e-42
1.07216198817291e-42
3.42191200992948e-43
1.09056068799149e-43
3.47068505171798e-44
1.10300414823712e-44
3.50049594310711e-45
1.11046875457521e-45
3.43749541839916e-46
