2.34885427396833e-26
1.32563304844594e-25
6.08131135373107e-25
2.50584376138018e-24
9.62927876893838e-24
3.51451841205919e-23
1.23102447932897e-22
4.16485736649565e-22
1.36691061990199e-21
4.36522067709385e-21
1.35945910395081e-20
4.13574028850904e-20
1.23066062034039e-19
3.58571380876837e-19
1.02384415786412e-18
2.86692991860125e-18
7.87734274947348e-18
2.12489520778713e-17
5.62957061756435e-17
1.46538959246969e-16
3.74896114896399e-16
9.4291405803672e-16
2.33209450476838e-15
5.67323795160394e-15
1.35773444095147e-14
3.19725637135586e-14
7.40954453558477e-14
1.6901428324432e-13
3.79519548613826e-13
8.39034834509899e-13
1.82647185653072e-12
3.91544792599239e-12
8.26666587451429e-12
1.71910250891921e-11
3.52155850091976e-11
7.10667758114144e-11
1.4129652372869e-10
2.76797419101643e-10
5.34304632985024e-10
1.01634487037687e-09
1.90522301898475e-09
3.51988859313407e-09
6.40936240939449e-09
1.15034128146027e-08
2.03510352573788e-08
3.54907423737235e-08
6.10143875821705e-08
1.03408654736416e-07
1.72785365615847e-07
2.84642416817399e-07
4.62329150762083e-07
7.4041915450241e-07
1.16921344985162e-06
1.82059882628883e-06
2.79545824545307e-06
4.23275955565552e-06
6.32032150027253e-06
9.30706032586604e-06
1.35162493411041e-05
1.93589795603701e-05
2.73466070582478e-05
3.81005433571604e-05
5.23573391255476e-05
7.09666966808865e-05
9.4879904919916e-05
0.000125126307984196
0.000162775874886991
0.000208886785872441
0.00026443820499156
0.000330250022177271
0.000406893209006197
0.000494596358421525
0.000593155730088421
0.000701857426154775
0.00081942090575697
0.000943972685704608
0.00107305763593833
0.00120369275780223
0.00133246487965073
0.00145566961974657
0.00156948468088385
0.00167016656322079
0.0017542566300004
0.00181878058688584
0.0018614251518929
0.00188067711731611
0.00187591303427068
0.00184743206706047
0.00179642967814798
0.00172491512046734
0.0016355806182483
0.00153163406369379
0.00141660963919897
0.00129417177842522
0.00116792729853183
0.00104125855929031
0.000917187475097049
0.000798276558624207
0.000686569371197379
0.000583569218338688
0.000490251994803195
0.000407106968802621
0.000334198088692674
0.000271238067421646
0.000217667926498876
0.000172735676626264
0.000135569164145515
0.000105239613318569
8.08138650332272e-05
6.13946173090233e-05
4.61490260048178e-05
3.43267870813832e-05
2.52692964882596e-05
1.84117015938245e-05
1.32796684726746e-05
9.48254919486084e-06
6.70439840408814e-06
4.69400789542075e-06
3.25484036732056e-06
2.23547650807908e-06
1.52095988015032e-06
1.02523945592582e-06
6.84771029965148e-07
4.53242326440773e-07
2.97326010617817e-07
1.93332499455278e-07
1.2462301985721e-07
7.96461480694005e-08
5.04726072134422e-08
3.17191966346377e-08
1.97703680030076e-08
1.2223166421854e-08
7.49685201273059e-09
4.56194235522316e-09
2.75451552868487e-09
1.6504929805783e-09
9.81528933097967e-10
5.79376558351323e-10
3.39495487866173e-10
1.9750072802363e-10
1.14080331377074e-10
6.54342946112403e-11
3.7273250741949e-11
2.10877548930436e-11
1.18508079244235e-11
6.61600200566042e-12
3.6690726897218e-12
2.02756127215746e-12
1.04365130665274e-12
