9.38530238936926e-18
5.19497087687348e-17
2.31916464441483e-16
9.22966784351915e-16
3.40002482505071e-15
1.18078752111857e-14
3.90600858777807e-14
1.23861837096396e-13
3.78108276331319e-13
1.11439794144102e-12
3.17779799184812e-12
8.78123773111355e-12
2.35423180703268e-11
6.12934116436547e-11
1.55086706625729e-10
3.81589464544828e-10
9.13479514820181e-10
2.12846744365302e-09
4.82902369014078e-09
1.06711937681339e-08
2.29746148327024e-08
4.82026961251208e-08
9.85773115786567e-08
1.96539575699934e-07
3.82091044766978e-07
7.24430164489884e-07
1.33968143390662e-06
2.416788562873e-06
4.25362789463959e-06
7.30484611848228e-06
1.22415469103297e-05
2.00204785482116e-05
3.19566753337003e-05
4.97887220019468e-05
7.57205063125687e-05
0.000112418581965494
0.000162941654628269
0.000230580080259778
0.000318590330283993
0.000429823082366028
0.000566263484265855
0.000728525868066491
0.000915368457116657
0.00112331067216278
0.0013464405203357
0.00157648765099699
0.00180320749097843
0.00201507622575117
0.00220024253596027
0.00234763052793314
0.00244805082105441
0.00249516292918131
0.00248614683836421
0.00242198359241487
0.00230730593280295
0.00214984820090056
0.00195958590011299
0.00174769759810073
0.00152549808029755
0.00130348089390062
0.0010905755677004
0.000893678853760546
0.000717470773764531
0.000564484392999401
0.000435369388034
0.000329276082713695
0.000244287599241728
0.000177839491726337
0.000127083951426788
8.91748000225221e-05
6.14664713569985e-05
4.1632926637833e-05
2.77202717441653e-05
1.81501543373996e-05
1.1690859678742e-05
7.41066139168152e-06
4.62458416404874e-06
2.84219378912718e-06
1.72091318491393e-06
1.02694239265866e-06
6.04186299100794e-07
3.50580004101187e-07
2.00699565778579e-07
1.1339601960903e-07
6.32539533917887e-08
3.48465352818375e-08
1.89650602474952e-08
1.02002100725365e-08
5.42323853564248e-09
2.85124302329906e-09
1.4827355463294e-09
7.62907405395474e-10
3.88490219422421e-10
1.95842375603815e-10
9.77611967535914e-11
4.83360693415971e-11
2.36771631290842e-11
1.14933572837275e-11
5.53000286739306e-12
2.63793617133925e-12
1.24784310912599e-12
5.85471629608457e-13
2.72516277307164e-13
1.25865744637806e-13
5.76947441851719e-14
2.62519170945804e-14
1.18593745396456e-14
5.32005324778788e-15
2.37027452154188e-15
1.04901694919002e-15
4.61251727697656e-16
2.01527083617161e-16
8.75054095370816e-17
3.77664842379435e-17
1.62035626741251e-17
6.91205175590786e-18
2.93193489786471e-18
1.2368274357386e-18
5.18950804095208e-19
2.16600141289458e-19
8.99411246581436e-20
3.7159933820485e-20
1.52776689292966e-20
6.25103392043527e-21
2.54568619605474e-21
1.03195421851756e-21
4.1644872717039e-22
1.67320797511646e-22
6.69369789368482e-23
2.66654811588555e-23
1.05788408476392e-23
4.17993178687185e-24
1.64504889181581e-24
6.44914230834264e-25
2.5186782328585e-25
9.7999550970121e-26
3.79916643751123e-26
1.46756271856937e-26
5.64910382693561e-27
2.16703820066972e-27
8.28488503932777e-28
3.15694723918891e-28
1.19904735877133e-28
4.53962584757577e-29
1.71334283048402e-29
6.44666816854318e-30
2.41819047419844e-30
9.05635484255034e-31
3.27639602621375e-31
