7.48917404472835e-26
4.22320350820818e-25
1.93514319690834e-24
7.9621338408018e-24
3.05417870478591e-23
1.11239587725435e-22
3.8870684868771e-22
1.31155843791198e-21
4.29170924109289e-21
1.36606070828112e-20
4.2391093162198e-20
1.28462794491739e-19
3.80670130760916e-19
1.10418784221455e-18
3.13782065724066e-18
8.74194249037653e-18
2.38911185715512e-17
6.4080955721019e-17
1.68760148877909e-16
4.36534884235914e-16
1.10947038378944e-15
2.77129765983169e-15
6.80503822370561e-15
1.64306816459157e-14
3.9016304556638e-14
9.1134291094105e-14
2.09428163203427e-13
4.73556904634773e-13
1.05378966894643e-12
2.30800360324943e-12
4.97590100252411e-12
1.05610689821371e-11
2.20693626943385e-11
4.54108194571347e-11
9.20143750485674e-11
1.83618111691145e-10
3.60888713917172e-10
6.98652838158843e-10
1.33232568963779e-09
2.50293160948261e-09
4.632381495005e-09
8.44699157570837e-09
1.51763202124458e-08
2.68670858690647e-08
4.68690443768649e-08
8.05719310574265e-08
1.36500186366763e-07
2.27904670585846e-07
3.75026150726793e-07
6.08240391192973e-07
9.72323171145778e-07
1.53208660544029e-06
2.37962389639027e-06
3.64334365275433e-06
5.49886137892463e-06
8.18162970635517e-06
1.20009196008462e-05
1.73544097322942e-05
2.47422112531106e-05
3.47786790094696e-05
4.81998873611282e-05
6.58642505927584e-05
8.87435338598005e-05
0.000117901530026349
0.000154458066023446
0.000199536822769656
0.000254196735781403
0.000319348457446199
0.0003956593977851
0.000483453028268275
0.000582610170553328
0.00069248158927045
0.000811822048042618
0.000938755796658565
0.0010707820574073
0.00120482643706752
0.00133734045013532
0.00146444682139632
0.00158212342033797
0.00168641414509664
0.001773651420339
0.00184067273358609
0.00188501318415966
0.00190505751121315
0.00190013839768997
0.00187057265959856
0.00181763266440819
0.00174345629448331
0.00165090427342728
0.00154337807589883
0.00142461448179914
0.0012984738744598
0.00116873862445311
0.0010389355765294
0.000912193172403876
0.000791139604520866
0.000677844135821818
0.000573799816823964
0.000479942654628748
0.000396700068053593
0.000324060278830573
0.000261654085901622
0.000208841089612279
0.000164793652261047
0.000128573454776866
9.91972021728711e-05
7.56896471048706e-05
5.71234990984257e-05
4.26468825479867e-05
3.14997689537225e-05
2.30212511838375e-05
1.66496934889086e-05
1.1917741294762e-05
8.44397547293536e-06
5.92270904704187e-06
4.11310265753475e-06
2.82845849032785e-06
1.92626762003264e-06
1.29934785580798e-06
8.68223674387524e-07
5.74765210700718e-07
3.77013680421057e-07
2.45067917582763e-07
1.57882215961049e-07
1.00821179151606e-07
6.38257932669849e-08
4.00608616407797e-08
2.49331587479877e-08
1.53893466584113e-08
9.4210951183771e-09
5.72101257962751e-09
3.44656286413587e-09
2.06011871142201e-09
1.22191624009881e-09
7.19256204681619e-10
4.20211610365285e-10
2.4369319027935e-10
1.40300012582523e-10
8.01970572329274e-11
4.55189637417519e-11
2.5656988530886e-11
1.43629581847527e-11
7.98641526235091e-12
4.4113740199956e-12
2.42076883495852e-12
1.31988390021478e-12
7.14999657963528e-13
3.85977453840425e-13
1.94631303133007e-13
