7.00595816098878e-32
3.98367636320662e-31
1.84674642134959e-30
7.7118207232647e-30
3.01163398656943e-29
1.12013437196623e-28
4.0090384058083e-28
1.38964222046893e-27
4.68513581162331e-27
1.54102435298933e-26
4.95594946198769e-26
1.5610017029791e-25
4.82177437860503e-25
1.46214308084595e-24
4.35632168584817e-24
1.27614715450484e-23
3.67778921058525e-23
1.04326403432287e-22
2.91412685392514e-22
8.01844851473752e-22
2.17410578450509e-21
5.81036761375025e-21
1.53098001494626e-20
3.978113264396e-20
1.01956604426188e-19
2.57789154931878e-19
6.43129156981158e-19
1.58337203234674e-18
3.84751584206909e-18
9.2288418396603e-18
2.1854242573114e-17
5.1096924717927e-17
1.17969448684377e-16
2.68969146350904e-16
6.0566595410896e-16
1.34709699088234e-15
2.95961077566527e-15
6.42352442183427e-15
1.3773565814632e-14
2.9179854947058e-14
6.10817617377973e-14
1.26345038552133e-13
2.58254706233613e-13
5.21681799796497e-13
1.04148578184618e-12
2.05500549110153e-12
4.0077938365483e-12
7.72592223518401e-12
1.47220000308335e-11
2.77314732312188e-11
5.16399795582679e-11
9.50654671688453e-11
1.73021088534162e-10
3.11336538469556e-10
5.53899024625447e-10
9.74349214679939e-10
1.69471134965677e-09
2.91465333698563e-09
4.95679177523783e-09
8.33583497785465e-09
1.38625729760976e-08
2.27979670571695e-08
3.70780423427186e-08
5.96370805935078e-08
9.48647878903797e-08
1.49242552541016e-07
2.3221424637527e-07
3.57357549419964e-07
5.4393134405856e-07
8.18881651227483e-07
1.21939060622746e-06
1.79604725935935e-06
2.61670222950335e-06
3.77103688754357e-06
5.37582839116324e-06
7.58082180728239e-06
1.0575028397912e-05
1.45931557465992e-05
1.992174460998e-05
2.69044467655277e-05
3.59457394566764e-05
4.75122512889983e-05
6.21307912137673e-05
8.03821484583977e-05
0.00010288978902067
0.000130302733063542
0.000163272170620055
0.000202421764258893
0.000248312087803364
0.00030140023579324
0.000361996269208655
0.000430218784450458
0.000505952438949689
0.000588810666978196
0.000678107004584958
0.000772838355774644
0.000871683136165571
0.000973016516768059
0.00107494398418437
0.00117535319474093
0.00127198272174056
0.0013625048954518
0.00144461864695815
0.00151614722171987
0.00157513494321155
0.00161993696769529
0.0016492962226429
0.00166240245922554
0.0016589295192054
0.0016390484188048
0.00160341555228029
0.00155313706167088
0.00148971204946719
0.00141495868524477
0.0013309282627582
0.00123981282849009
0.0011438521006352
0.00104524505003979
0.000946070784039923
0.00084822235434193
0.000753355913996411
0.00066285639459028
0.00057781967422328
0.000499050153046149
0.000427071814403595
0.000362150265515892
0.000304322933039134
0.00025343452113143
0.000209174988085429
0.000171117614032875
0.000138755162138924
0.000111532624545496
8.88755427882368e-05
7.02133600931152e-05
5.49976703534092e-05
4.27155575667674e-05
3.28984625278568e-05
2.51271719747476e-05
1.90336072348417e-05
1.43001071385178e-05
1.06568681696954e-05
7.87813842234496e-06
5.7776747564708e-06
4.2038764302648e-06
3.03491199465661e-06
2.17408188171407e-06
1.54528859018043e-06
1.09406013859496e-06
6.95493868130273e-07
