4.07512854780389e-28
2.30606771838624e-27
1.06187844175652e-26
4.39648616746772e-26
1.69923831277275e-25
6.24399403064624e-25
2.2040499771787e-24
7.52196047413138e-24
2.492656931784e-23
8.04513866155923e-23
2.53460768536875e-22
7.80776813720661e-22
2.35479267524588e-21
6.96053508090912e-21
2.01820779720773e-20
5.74416841261472e-20
1.60576394809069e-19
4.41109066073716e-19
1.19125770170332e-18
3.16389343533333e-18
8.2667554721218e-18
2.12554124193995e-17
5.37941943374778e-17
1.34039036254592e-16
3.28886417706624e-16
7.94803291412014e-16
1.89210635078589e-15
4.43782760699498e-15
1.0256417281795e-14
2.33602718820428e-14
5.24408142035197e-14
1.16042986837516e-13
2.53146301239971e-13
5.44464747744914e-13
1.15465705107436e-12
2.4146736946184e-12
4.9799041319748e-12
1.01291609211853e-11
2.03210860811629e-11
4.02133818784619e-11
7.85004622723868e-11
1.51174308711482e-10
2.87218753876642e-10
5.38394007114515e-10
9.95778340862644e-10
1.81727846643446e-09
3.27263003632437e-09
5.81578426043748e-09
1.01993859220849e-08
1.76527226964681e-08
3.01535257771691e-08
5.08357560042786e-08
8.45903131855325e-08
1.38933469645932e-07
2.25238273162349e-07
3.60445967263115e-07
5.69395391062185e-07
8.87924801962303e-07
1.36690757263688e-06
2.07737417376362e-06
3.11683988069537e-06
4.61689213650237e-06
6.75198521194258e-06
9.74923637970613e-06
1.38988148517908e-05
1.95642660513913e-05
2.71918317993713e-05
3.73175344924153e-05
5.05705243718551e-05
6.76709880097323e-05
8.94208351716649e-05
0.000116685474418966
0.000150365303811514
0.000191356115484094
0.000240498450187934
0.000298517014376695
0.000365952521934899
0.000443089637416651
0.000529885933514215
0.000625907764358456
0.000730279525566897
0.000841652768895147
0.000958200957105146
0.00107764424635097
0.0011973066191813
0.00131420510475476
0.00142516794386798
0.00152697567955825
0.0016165166050872
0.00169094609486706
0.00174783834018749
0.00178531907602259
0.00180216906130701
0.00179789027317939
0.00177272978063473
0.00172765976024347
0.00166431573274518
0.00158489845118154
0.00149204761527307
0.00138869746185104
0.00127792513823287
0.00116280258007479
0.00104626148257562
0.000930979067595277
0.000819289968987275
0.000713126971770068
0.000613990825261161
0.000522947141519149
0.00044064665940218
0.000367363996687498
0.000303049448113203
0.000247388370474346
0.000199863132471889
0.000159813372807742
0.000126491271075412
9.9109565424162e-05
7.68810415907842e-05
5.90490897627865e-05
4.49096287768684e-05
3.38252095922983e-05
2.52324338420491e-05
1.86439782330444e-05
1.36465323424874e-05
9.8958715299136e-06
7.11013370898733e-06
5.06218031407186e-06
3.5717237760326e-06
2.49771525013617e-06
1.73131965024658e-06
1.18966685865154e-06
8.10460291061996e-07
5.47445460673652e-07
3.66688354890832e-07
2.43581792841221e-07
1.60482673362021e-07
1.04879624264796e-07
6.79950940912272e-08
4.37352032576926e-08
2.79122746488717e-08
1.7677179037648e-08
1.11103362428554e-08
6.93075453549881e-09
4.29155961147204e-09
2.63798917763002e-09
1.60988751496514e-09
9.75498683783844e-10
5.86871887939606e-10
3.51754727697347e-10
1.9430589377569e-10
