4.69948098335738e-21
2.62478295251809e-20
1.18667225091088e-19
4.79964627376701e-19
1.80326939560707e-18
6.40989028628917e-18
2.17812462216607e-17
7.12132957782119e-17
2.24985744101855e-16
6.88931058032047e-16
2.04918109532216e-15
5.93047702474982e-15
1.67209559116674e-14
4.59764605550954e-14
1.23386653317277e-13
3.2340764695396e-13
8.28369750834638e-13
2.07440985941015e-12
5.08084633963891e-12
1.2175862735686e-11
2.85573229056125e-11
6.55700527400989e-11
1.4742364884216e-10
3.24634624237631e-10
7.00280307158933e-10
1.48004153989051e-09
3.06527602126003e-09
6.22188322752774e-09
1.23790815845471e-08
2.41447335737401e-08
4.61713793739845e-08
8.65735137797248e-08
1.59184578223816e-07
2.87051386985077e-07
5.07688388350514e-07
8.80739431099917e-07
1.49879318335597e-06
2.50212729861951e-06
4.09805716733447e-06
6.58526658827277e-06
1.03829262414747e-05
1.6063502324832e-05
2.43869022514717e-05
3.63320457414453e-05
5.3120234077112e-05
7.62230796765435e-05
0.000107346627949741
0.000148383108920824
0.00020132296109725
0.000268122740153229
0.000350529399630598
0.000449868000547636
0.000566807531254554
0.000701127123650242
0.000851511131583563
0.00101540477193833
0.001188960989999
0.0013671031010357
0.00154371660809586
0.00171196841866048
0.00186473444882696
0.00199509997067164
0.0020968839136181
0.00216513122117294
0.00219651794395804
0.00218962237641701
0.00214503113600645
0.00206526928071482
0.00195456516721323
0.00181848035592822
0.00166344950146308
0.0014962828457532
0.00132368397915226
0.0011518286058058
0.000986037889913692
0.000830564972158027
0.000688497979954047
0.000561769535097961
0.000451252947954307
0.000356919718482037
0.000278031586342857
0.000213342503186629
0.000161290478321896
0.000120165093763948
8.82425169754034e-05
6.38852293474842e-05
4.56079200154402e-05
3.21138603628466e-05
2.23076180165011e-05
1.52904027579023e-05
1.03439574553667e-05
6.90802479028659e-06
4.55530836713234e-06
2.96671413649681e-06
1.90864301785049e-06
1.2132812513627e-06
7.62223277528614e-07
4.73350020286075e-07
2.9064096967067e-07
1.76481590995761e-07
1.05999316229497e-07
6.29882686292316e-08
3.7039061207047e-08
2.15572565679915e-08
1.24207690172575e-08
7.08617510723705e-09
4.00377092728272e-09
2.24080796852782e-09
1.24251263535871e-09
6.82714209703734e-10
3.71790873369015e-10
2.00705070742854e-10
1.07422303346032e-10
5.70140897821852e-11
3.00120139973306e-11
1.56713118707752e-11
8.11864153405091e-12
4.1734786118004e-12
2.12920431950579e-12
1.07821860220513e-12
5.42039800037211e-13
2.70553706412617e-13
1.34102044124425e-13
6.6014164789712e-14
3.2278810754373e-14
1.56795660219714e-14
7.56733197509834e-15
3.62909692085859e-15
1.72963665152158e-15
8.19339621047724e-16
3.8581293871156e-16
1.80610563796854e-16
8.40643042336886e-17
3.89071693610409e-17
1.79078511003318e-17
8.1978189099706e-18
3.73283050692174e-18
1.69085500460595e-18
7.61981840910232e-19
3.41659924718511e-19
1.52438495048433e-19
6.76839240627115e-20
2.9909201195719e-20
1.31549664945316e-20
5.75939146208334e-21
2.51016704022819e-21
1.08909055316203e-21
4.71342788037111e-22
1.94873863512322e-22
