1.68684032131796e-17
9.32953214573298e-17
4.16024886733841e-16
1.65327644534167e-15
6.07958339435412e-15
2.10694262421161e-14
6.95274028864466e-14
2.19861579963579e-13
6.69049772741164e-13
1.96493610897198e-12
5.58123182933597e-12
1.53560515259444e-11
4.09744073611371e-11
1.061285492088e-10
2.6702977333731e-10
6.53065617465112e-10
1.55324764256817e-09
3.59413500587602e-09
8.09421118992284e-09
1.77466734983864e-08
3.78914055712804e-08
7.88045128529441e-08
1.59676819651032e-07
3.15280493437481e-07
6.06725679467591e-07
1.13814067324135e-06
2.08146710469013e-06
3.71166847358402e-06
6.45424807459278e-06
1.09457422862845e-05
1.81054793657708e-05
2.9213166172646e-05
4.59818477147927e-05
7.06099798360488e-05
0.000105790838963576
0.00015465392384181
0.000220613436065477
0.000307105367293954
0.000417208471290038
0.000553165293368572
0.000715845221731342
0.000904217697989791
0.00111492398013523
0.00134204336375201
0.00157713902694893
0.00180963746706435
0.00202754643242589
0.0022184570599229
0.00237071834463515
0.00247462924382594
0.00252347682229934
0.0025142638230928
0.00244801458823437
0.00232961572199619
0.00216722332804489
0.00197133632966182
0.00175368179896967
0.00152607537947357
0.00129940689142445
0.00108286385046326
0.000883454248248539
0.000705836389760547
0.000552418231932845
0.00042365831085499
0.000318487352914374
0.000234772416618557
0.000169759573893535
0.000120451280623277
8.38956188302746e-05
5.73827352339775e-05
3.85569581060018e-05
2.54607270498666e-05
1.65292560211255e-05
1.05540390502982e-05
6.63033341740851e-06
4.09988084947515e-06
2.49628002922607e-06
1.49715672697863e-06
8.8482453682379e-07
5.15495664063523e-07
2.96162866524888e-07
1.67853789710437e-07
9.38817404753108e-08
5.18360725396548e-08
2.82639246569431e-08
1.52239549907356e-08
8.10324681827235e-09
4.26349446011275e-09
2.21810681520539e-09
1.14140797206703e-09
5.81124405249239e-10
2.92813889585778e-10
1.46059453949215e-10
7.21440884774882e-11
3.52954828611041e-11
1.71078586380501e-11
8.21746493061481e-12
3.91246102130695e-12
1.846856851551e-12
8.64540738856861e-13
4.01422428653806e-13
1.84915666730625e-13
8.45260849685395e-14
3.83476746800037e-14
1.72703874813241e-14
7.72255091383197e-15
3.42920499223602e-15
1.51243218858228e-15
6.62646019239559e-16
2.88457330838753e-16
1.24779921147054e-16
5.36460346186411e-17
2.29258202550384e-17
9.74022503359037e-18
4.11462721182231e-18
1.72849465271279e-18
7.22168340967492e-19
3.00121257157176e-19
1.24078437508826e-19
5.10374323411892e-20
2.08893231174373e-20
8.50847136638067e-21
3.44919252027453e-21
1.39177079874414e-21
5.59044900666188e-22
2.23561654387389e-22
8.90146076316949e-23
3.52922254880012e-23
1.39344511628098e-23
5.47938557868618e-24
2.1460608560057e-24
8.3725223188479e-25
3.25394048732781e-25
1.25989923529295e-25
4.86035370336609e-26
1.86826211516995e-26
7.15610530791628e-27
2.7315859565239e-27
1.03915818837806e-27
3.94008603357891e-28
1.48906897879475e-28
5.60965387978434e-29
2.10666651280707e-29
7.88714145846607e-30
2.94396391012804e-30
1.09561960691657e-30
4.06535796891602e-31
1.50618241999854e-31
5.39456144434649e-32
