4.0289347233187e-29
2.28311038874039e-28
1.05336280089103e-27
4.37208954002944e-27
1.69489909610535e-26
6.25000236409922e-26
2.21506287470549e-25
7.59379581930657e-25
2.52911210348645e-24
8.20785805674069e-24
2.60141578232489e-23
8.0656597234074e-23
2.44957295904425e-22
7.29483538424827e-22
2.13198537827517e-21
6.1192931316933e-21
1.72592485938004e-20
4.78588996638847e-20
1.30529780709597e-19
3.50286739473866e-19
9.25221891118431e-19
2.40602699268093e-18
6.16166240635538e-18
1.55430728585946e-17
3.86283665662881e-17
9.45990460058274e-17
2.2832388533577e-16
5.43209130387674e-16
1.27407613345912e-15
2.94640868833009e-15
6.71911897520961e-15
1.51113099744304e-14
3.35202840156991e-14
7.33451520695048e-14
1.58318964419246e-13
3.37154905644845e-13
7.08428513987283e-13
1.46880978102689e-12
3.00517080413425e-12
6.06786976246955e-12
1.20919029671896e-11
2.3783224766363e-11
4.61731528163802e-11
8.84860452059169e-11
1.6739754885046e-10
3.12632377173576e-10
5.76434321830467e-10
1.0493400356914e-09
1.88604391893071e-09
3.3471431020633e-09
5.86544089390836e-09
1.01495594793943e-08
1.73432076108633e-08
2.92659251125496e-08
4.87708129668691e-08
8.02668784608366e-08
1.30468180983709e-07
2.09448582556092e-07
3.32098651684357e-07
5.20098430048032e-07
8.04533662322997e-07
1.2292898932516e-06
1.8553535627237e-06
2.76612585653321e-06
4.07380694491844e-06
5.92682881120804e-06
8.51819878428139e-06
1.20944604266827e-05
1.69647852130368e-05
2.35094851580725e-05
3.21869985018328e-05
4.35381714803471e-05
5.81864711543735e-05
7.68326559828056e-05
0.000100242444426395
0.000129225897743686
0.000164607603372234
0.000207187326193736
0.000257691579845722
0.000316717523511936
0.000384671644008881
0.000461706740759493
0.000547661670612466
0.000642008996187256
0.000743815984952758
0.000851724218684776
0.000963952328266991
0.00107832505923899
0.00119233005996867
0.00130320159824539
0.00140802804704525
0.00150387767354031
0.00158793527133322
0.0016576407336111
0.00171081996616843
0.00174579870026581
0.00176149080771278
0.00175745456475354
0.00173391278352988
0.0016917355824806
0.00163238750912528
0.00155784346250474
0.00147048012024975
0.00137295115071447
0.00126805526193309
0.00115860607889196
0.00104731201307326
0.000936672835071887
0.000828897778095695
0.000725847909243133
0.000629003426212329
0.000539454661871402
0.000457914054498157
0.000384745257941782
0.000320004955805344
0.000263492786588205
0.000214805020302693
0.000173388161329927
0.000138589384180309
0.000109701535949633
8.60012706059264e-05
6.6779643483303e-05
5.13651394172162e-05
3.9139607217832e-05
2.95479191297761e-05
2.21023750894606e-05
1.63829476804255e-05
1.20344407618263e-05
8.76154093537926e-06
6.32260317481651e-06
4.52285336070685e-06
3.20752961572458e-06
2.2553344950313e-06
1.57243960582522e-06
1.08717724613617e-06
7.45471008679238e-07
5.06997507235893e-07
3.42031530544152e-07
2.28903397566234e-07
1.51986331753308e-07
1.00129795562849e-07
6.54589123388867e-08
4.24679100740145e-08
2.73450957141484e-08
1.74768814231362e-08
1.10880831499121e-08
6.98281979866136e-09
4.38082724899646e-09
2.51645353127354e-09
