1.39219322664531e-23
7.81845150651858e-23
3.56196685960756e-22
1.45485107084367e-21
5.53126410754991e-21
1.99373507602387e-20
6.8841582223665e-20
2.29182800114304e-19
7.38816115577998e-19
2.31330609309562e-18
7.05079974887606e-18
2.09547715951623e-17
6.08042997498567e-17
1.72442042720379e-16
4.78381437169239e-16
1.299056203421e-15
3.45505246594239e-15
9.00464146124543e-15
2.30061897194553e-14
5.76429731539553e-14
1.41679977674412e-13
3.41705312209909e-13
8.08878551949101e-13
1.87974582674229e-12
4.28929073079062e-12
9.61215057173877e-12
2.11580458465991e-11
4.57525771438021e-11
9.72076399999606e-11
2.02948201774792e-10
4.1640984318318e-10
8.3975972317103e-10
1.66468226271529e-09
3.24407511490058e-09
6.21544096732517e-09
1.17087425827275e-08
2.16889904515827e-08
3.95085052155059e-08
7.07772263138691e-08
1.24702710325339e-07
2.16104479947836e-07
3.68367909401025e-07
6.17665291813199e-07
1.01882592837583e-06
1.65326705608847e-06
2.63938096035966e-06
4.14568282108186e-06
6.40682760054831e-06
9.7422729893425e-06
1.45768783008784e-05
2.14620838923164e-05
3.1095539035479e-05
4.43362041197594e-05
6.22111568256552e-05
8.59097368060135e-05
0.000116760457470699
0.0001561864934886
0.000205636688186209
0.000266491013960966
0.000339942241236135
0.000426859052533436
0.000527639631398509
0.000642068357076388
0.000769191034553751
0.000907225456404173
0.00105352349275384
0.00120459801878483
0.00135622281413333
0.00150360648215057
0.00164163318962008
0.00176515466423297
0.00186931060059887
0.00194984956278642
0.00200342052913225
0.00202780687542184
0.00202207977624857
0.00198665611742956
0.00192325599268357
0.00183476535676153
0.00172501901348809
0.00159852658831142
0.0014601685923812
0.00131489073630106
0.00116742242029549
0.00102204039286778
0.000882391833860077
0.000751383630705198
0.000631137399754835
0.000523003699699122
0.000427624454724891
0.000345030097970204
0.000274757310056528
0.000215974177049064
0.000167601693568957
0.000128423301157051
9.71771159926271e-05
7.26282840734042e-05
5.36212417891481e-05
3.91134133104848e-05
2.81930101072726e-05
2.00841624387063e-05
1.41427112682699e-05
9.8457493832712e-06
6.77755065466507e-06
4.61397853308195e-06
3.10690629295873e-06
2.06967189363539e-06
1.36416370433664e-06
8.89802912926186e-07
5.74452272420261e-07
3.67127572541106e-07
2.32301872233378e-07
1.45556079983952e-07
9.03272288923305e-08
5.55246600175414e-08
3.38142362188647e-08
2.04045306175361e-08
1.22020605467749e-08
7.23243802593916e-09
4.24957891312977e-09
2.4756004127119e-09
1.43005144495027e-09
8.19259285078703e-10
4.65533482642235e-10
2.62422247064553e-10
1.46767526393726e-10
8.14511809651011e-11
4.48601200391267e-11
2.45231194959167e-11
1.33075738637417e-11
7.16943020770415e-12
3.83518858973106e-12
2.03731378588962e-12
1.07485548619229e-12
5.63266700053075e-13
2.93224242041298e-13
1.51654911623656e-13
7.79349014078488e-14
3.97991296168796e-14
2.01988896468571e-14
1.01891773840744e-14
5.10920035619964e-15
2.54690375657191e-15
1.26229444551437e-15
6.22069823858897e-16
3.04853530674452e-16
1.48562274811746e-16
7.21742212227785e-17
3.3135981150601e-17
