7.26955264164835e-28
4.11226002829968e-27
1.89261516517491e-26
7.83090253959132e-26
3.02426662161976e-25
1.11027373491057e-24
3.91501775251804e-24
1.33453988160927e-23
4.41667228562374e-23
1.42345132771601e-22
4.4775531201379e-22
1.37696357714741e-21
4.14532400901419e-21
1.22293518625851e-20
3.53855902893074e-20
1.00492162029222e-19
2.80269504561493e-19
7.68022308806523e-19
2.06876804754869e-18
5.47962193233433e-18
1.42767999935194e-17
3.65996261307287e-17
9.23417442242242e-17
2.29347323030998e-16
5.60856982885915e-16
1.35068386783929e-15
3.20384475587379e-15
7.4863852524412e-15
1.72352335532518e-14
3.90987630776015e-14
8.74101855236206e-14
1.92602904664041e-13
4.18321933937016e-13
8.95669330156496e-13
1.89066061690425e-12
3.93500561911884e-12
8.07565780541907e-12
1.63434621738777e-11
3.26193108699565e-11
6.42095030387642e-11
1.24665216740704e-10
2.38747551965505e-10
4.51029571383922e-10
8.40556887582105e-10
1.54542370979317e-09
2.80328757812235e-09
5.01704020234528e-09
8.85944706700447e-09
1.54370077961129e-08
2.6542059566057e-08
4.5033722057767e-08
7.5403030729531e-08
1.24595634700545e-07
2.03186392317433e-07
3.27023003193196e-07
5.19478367644764e-07
8.14470235161746e-07
1.26041689913056e-06
1.92529256447108e-06
2.90291741730386e-06
4.32055627657878e-06
6.3477970080485e-06
9.20652829170482e-06
1.31816322664006e-05
1.86317536526286e-05
2.59992145362835e-05
3.58178353087305e-05
4.87171315313676e-05
6.54211294537295e-05
8.67399340486876e-05
0.000113552250632475
0.000146777357773931
0.000187335594097117
0.000236097268133918
0.000293821006431178
0.000361083855757195
0.000438206840713991
0.000525180998464785
0.000621599990240223
0.000726606040025295
0.00083885600806147
0.00095651375098386
0.00107727350500764
0.00119841689935362
0.00131690351004364
0.00142949183886383
0.0015328845597503
0.00162388916191901
0.00169958307333879
0.00175747125034613
0.00179562425038125
0.00181278601583517
0.00180844289573
0.00178284859121257
0.00173700339614387
0.00167258991733362
0.0015918709912709
0.00149755839930549
0.00139266294366439
0.00128033732551308
0.00116372304047334
0.00104581128147711
0.000929325823262951
0.000816633336303635
0.000709683847647542
0.000609981426628355
0.000518582872458562
0.000436120395835162
0.000362843113844491
0.000298671632279318
0.000243260018464046
0.000196059966310455
0.000156382789399266
0.000123455904521183
9.64715536675797e-05
7.46265455842487e-05
5.71526971545269e-05
4.33383705584304e-05
3.25420147582678e-05
2.41989345128147e-05
1.78226498885141e-05
1.30022080030185e-05
9.39670473262484e-06
6.72810471653809e-06
4.77324608637018e-06
3.35570826463342e-06
2.33802594644682e-06
1.61456204924014e-06
1.10521301410709e-06
7.50012699037576e-07
5.04624245663698e-07
3.36658738990545e-07
2.22730275837066e-07
1.46144123930495e-07
9.51132861901474e-08
6.14049702043764e-08
3.93290022557938e-08
2.49927302933902e-08
1.57597699537002e-08
9.86200393710382e-09
6.12495645674349e-09
3.77577795503162e-09
2.31056509224737e-09
1.40372047456284e-09
8.46711691878884e-10
5.07139343149548e-10
3.01601533831143e-10
1.78701669277565e-10
9.77374071757719e-11
