7.78550736053685e-24
4.37443207137972e-23
1.99429699816247e-22
8.15266559779032e-22
3.10289540341587e-21
1.11982844468102e-20
3.87217890932636e-20
1.29117830619699e-19
4.16984008435598e-19
1.30820101132105e-18
3.99593124190756e-18
1.190367904571e-17
3.46283795043683e-17
9.84741304117271e-17
2.73978525015693e-16
7.46304397185363e-16
1.99146068777419e-15
5.2083027208232e-15
1.33558433742563e-14
3.35934305402449e-14
8.29053826729873e-14
2.00806364869721e-13
4.77469986114586e-13
1.11476845446837e-12
2.55611155627992e-12
5.75718062447583e-12
1.27393180827294e-11
2.76983599472021e-11
5.91825170652034e-11
1.24285250787941e-10
2.56556883572631e-10
5.20634690020846e-10
1.03875229561838e-09
2.03779958101301e-09
3.93115265723261e-09
7.45801457105268e-09
1.39157002207073e-08
2.55385935951526e-08
4.6102938611052e-08
8.18705744141728e-08
1.43027951851546e-07
2.4582871651774e-07
4.15706009084484e-07
6.91678227237215e-07
1.13241857922556e-06
1.82437812984696e-06
2.89232225531776e-06
4.51253473553842e-06
6.92873323608479e-06
1.04703985108975e-05
1.55727310464521e-05
2.2796815827939e-05
3.28478300218353e-05
4.65883385903612e-05
6.50430000218483e-05
8.93904986071179e-05
0.000120938407977225
0.000161077152931267
0.000211210421537155
0.000272661363044386
0.000346556651377046
0.000433693815325934
0.000534400794081195
0.000648399989307681
0.000774691582272102
0.000911471990083668
0.00105610257111389
0.00120514078630364
0.00135444100952553
0.0014993254342325
0.00163481776187889
0.00175592455862492
0.00185794243370051
0.00193676457566043
0.00198915849347779
0.00201298846517574
0.00200736112609086
0.0019726802628229
0.00191060623158478
0.00182392524553618
0.0017163427732619
0.00159222231288399
0.00145629503826378
0.00131336688404283
0.00116804764659523
0.00102452214982885
0.000886377280424902
0.000756491702583734
0.000636988265038412
0.000529243303341939
0.000433942758174836
0.000351172526386319
0.000280529710631848
0.000221242189193835
0.000172285799829115
0.000132490971009368
0.000100633407286893
7.55060808435422e-05
5.59720400622411e-05
4.09992718257468e-05
2.9680003132173e-05
2.12374358623494e-05
1.50230656342663e-05
1.05075573958511e-05
7.26775621840637e-06
4.97190870755868e-06
3.36464380282388e-06
2.25277156515721e-06
1.49254084135169e-06
9.78667243545569e-07
6.35202474550509e-07
4.08155699693106e-07
2.59683293631031e-07
1.63619141778792e-07
1.02108803656195e-07
6.31244697699465e-08
3.86637258293312e-08
2.34663947743447e-08
1.41153092811078e-08
8.41588370710305e-09
4.97436404209259e-09
2.91518662973926e-09
1.69413405688697e-09
9.76433408791769e-10
5.58227122253153e-10
3.16600665838687e-10
1.78157279252534e-10
9.94817834887674e-11
5.51300374791445e-11
3.03244781396886e-11
1.65582100355816e-11
8.97640028270843e-12
4.83184129864137e-12
2.58283510593344e-12
1.37121418555248e-12
7.23083799863034e-13
3.78787725940985e-13
1.9714029933587e-13
1.0194703405023e-13
5.23889852152623e-14
2.67557570920741e-14
1.35816071137084e-14
6.8530780372583e-15
3.43766759349366e-15
1.71446221572189e-15
8.50200813524953e-16
4.19213837690892e-16
2.06055381945998e-16
9.55993033801661e-17
