3.0326175198257e-17
1.67590196766252e-16
7.4646043294951e-16
2.96203878954938e-15
1.08725882169307e-14
3.75992137367834e-14
1.23764653188045e-13
3.90253039549295e-13
1.18371437441185e-12
3.46383482562394e-12
9.79899272338618e-12
2.68404700874703e-11
7.12678634030612e-11
1.83607553931929e-10
4.59301795532465e-10
1.1162849211485e-09
2.63715531487097e-09
6.05844226945799e-09
1.35395974169767e-08
2.94445153212856e-08
6.2326792690947e-08
1.28446150879045e-07
2.57772276836247e-07
5.03852324936389e-07
9.59394061946516e-07
1.77985608094745e-06
3.21756812971087e-06
5.66866440643158e-06
9.7340562550256e-06
1.62934279805141e-05
2.65875262199607e-05
4.22987990184559e-05
6.56141482934744e-05
9.92472371270076e-05
0.000146393172085427
0.000210587716321285
0.000295448820368003
0.000404291886415531
0.000539632002329219
0.000702614309819584
0.000892443013594808
0.0011059034104989
0.00133708195772295
0.00157738022900047
0.00181588655305028
0.00204011645915068
0.00223706797662667
0.00239447333954602
0.00250207965319098
0.00255277052505109
0.00254335570199562
0.00247490528933632
0.00235257960796645
0.00218498942813948
0.00198319634554416
0.00175951412388159
0.00152628994445444
0.00129482887295683
0.00107458229902553
0.000872663540634418
0.000693694681905939
0.000539939582130186
0.000411646154005657
0.000307508672337407
0.000225165776673581
0.000161666799285987
0.000113861878414374
7.86943890825903e-05
5.33935326660573e-05
3.55784168029268e-05
2.32923196161392e-05
1.49879764960777e-05
9.48317419755391e-06
5.9022969165789e-06
3.61510102045042e-06
2.17984798397224e-06
1.29452707496115e-06
7.57436221760732e-07
4.36817045616707e-07
2.48392035213168e-07
1.39323223641973e-07
7.71111627629659e-08
4.21284780677308e-08
2.27275473263625e-08
1.21114918866195e-08
6.37760131795798e-09
3.31951357509947e-09
1.70839335961655e-09
8.6962673943549e-10
4.3796658037758e-10
2.182930411881e-10
1.07709419497975e-10
5.26262863008068e-11
2.54685226577315e-11
1.22115264441319e-11
5.80244463574459e-12
2.73295926248536e-12
1.27626045404662e-12
5.91056635481974e-13
2.7151820543146e-13
1.23749150190483e-13
5.59692176772191e-14
2.51250763361512e-14
1.11969889535035e-14
4.95464600616293e-15
2.17731210291597e-15
9.50390298843957e-16
4.12126596062618e-16
1.77573563405043e-16
7.60351406955901e-17
3.23598042234445e-17
1.36904539647055e-17
5.758549432935e-18
2.40853228982003e-18
1.00183191531798e-18
4.14473993690142e-19
1.7057483135036e-19
6.98395323931058e-20
2.84516978795248e-20
1.15341531366723e-20
4.65352983333758e-21
1.86872612603672e-21
7.47000390677547e-22
2.9727081308004e-22
1.17783075535919e-22
4.64680337063401e-23
1.82560511610267e-23
7.14298414869934e-24
2.78362552262236e-24
1.08053062493238e-24
4.17824865767589e-25
1.60959701055174e-25
6.17787957893869e-26
2.36262008790992e-26
9.00352023651855e-27
3.41920957582005e-27
1.29408878059638e-27
4.8815372466233e-28
1.83540421164908e-28
6.87886891423009e-29
2.5700370826651e-29
9.57248984253162e-30
3.55466780488895e-30
1.31609258425863e-30
4.85860059434717e-31
1.78853664411485e-31
6.56513229011825e-32
2.40636258607978e-32
8.53279719370728e-33
