1.50912276705896e-20
8.41847228653897e-20
3.79944998161544e-19
1.53334994444021e-18
5.74551570722133e-18
2.03586826067469e-17
6.89295662612519e-17
2.24439120444943e-16
7.05822065127213e-16
2.15032278635933e-15
6.36029691284785e-15
1.82950609678966e-14
5.12421274148382e-14
1.39892619570011e-13
3.72553860579635e-13
9.68497368853015e-13
2.45902465745128e-12
6.10077160102297e-12
1.47957498182922e-11
3.50888335214838e-11
8.13975066938196e-11
1.84747479208595e-10
4.10367962789344e-10
8.9225186256757e-10
1.89934172827352e-09
3.95908838488147e-09
8.08224188919949e-09
1.61612638471401e-08
3.16579464098344e-08
6.07584418447989e-08
1.14260312042807e-07
2.10568690854886e-07
3.80314761831956e-07
6.73258606812379e-07
1.16827636824059e-06
1.98731780106123e-06
3.31419421174293e-06
5.41883965126557e-06
8.6871905730739e-06
1.36559674408045e-05
2.10503647421367e-05
3.18209792305112e-05
4.71743500273097e-05
6.85895033521022e-05
9.78112889759087e-05
0.000136810585351877
0.000187702206396103
0.000252614068068297
0.000333506148961274
0.000431944905729133
0.000548847474174194
0.000684219046538057
0.000836914652539645
0.00100446134783229
0.00118297682471754
0.00136721456058045
0.00155075361429613
0.00172633407163478
0.00188631913255282
0.00202324505291507
0.00213040410476193
0.00220239657909082
0.00223558776491973
0.0022284153731435
0.00218151083021355
0.00209762144246182
0.00198134576487698
0.00183871745352238
0.00167668983961791
0.00150258206722543
0.00132354713584132
0.0011461134738823
0.000975836946372189
0.00081708243555534
0.000672936404829161
0.000545236776209471
0.000434695768050123
0.000341085777701436
0.000263457721691557
0.000200364512720817
0.000150068209029373
0.000110716392047979
8.04802684917036e-05
5.76529488136741e-05
4.07108153953442e-05
2.83437152991798e-05
1.94610271372978e-05
1.31807648115447e-05
8.808167385504e-06
5.8090483144545e-06
3.78184092303779e-06
2.43099751546515e-06
1.54330774541723e-06
9.67855574991572e-07
5.99737392139443e-07
3.67287355083353e-07
2.22354480467438e-07
1.33100769515798e-07
7.87967975733095e-08
4.61452680461714e-08
2.67382095971415e-08
1.53326965678903e-08
8.70319809263433e-09
4.89108052705272e-09
2.72198860055289e-09
1.50041585617035e-09
8.1934631372778e-10
4.43341994653529e-10
2.37743717796807e-10
1.26374557486327e-10
6.65994386987208e-11
3.48032670391258e-11
1.8037838075683e-11
9.27339566309341e-12
4.72994469563212e-12
2.39390972367143e-12
1.20244086401619e-12
5.99504061253183e-13
2.96728706482387e-13
1.45824680863302e-13
7.11655801092949e-14
3.44935873056193e-14
1.66072056355819e-14
7.94334716909098e-15
3.77499875296695e-15
1.78275828447326e-15
8.36729747557903e-16
3.90344812786537e-16
1.81023148408853e-16
8.3462822186556e-17
3.82626249319669e-17
1.7443252338078e-17
7.90857506194186e-18
3.56642415111997e-18
1.59983972939817e-18
7.13957481931965e-19
3.17002858573906e-19
1.40052377420025e-19
6.15736311904972e-20
2.69411121392163e-20
1.17325192528528e-20
5.08580400804805e-21
2.19460932232629e-21
9.42800607163712e-22
4.03257405398075e-22
1.71743551381479e-22
7.28300802225486e-23
3.08113016845264e-23
1.24762874742803e-23
