7.96850999935291e-23
4.46820337274762e-22
2.03128096791486e-21
8.27390286583173e-21
3.13528091660833e-20
1.12572028107123e-19
3.86969398946056e-19
1.28180592379011e-18
4.10905596884034e-18
1.27865655475232e-17
3.87099210514509e-17
1.14202601887334e-16
3.28761179783634e-16
9.24452247973345e-16
2.54126861665454e-15
6.83403160018064e-15
1.79892254551708e-14
4.63732233009194e-14
1.17117364555331e-13
2.89887833953327e-13
7.03443388709749e-13
1.67393422923241e-12
3.90718458138285e-12
8.94748130477948e-12
2.01064122527832e-11
4.43448100904077e-11
9.60054833294253e-11
2.0406046600905e-10
4.25883306184789e-10
8.72862697871671e-10
1.75701458923548e-09
3.47396763569876e-09
6.74746536609899e-09
1.28753954674207e-08
2.41392235418052e-08
4.44696915415404e-08
8.05037391283805e-08
1.43222095925197e-07
2.50423475588642e-07
4.30366381002394e-07
7.26985176376656e-07
1.20714891975432e-06
1.97045735620418e-06
3.16202814342779e-06
4.98858566844362e-06
7.73787470341004e-06
1.18009560740855e-05
1.76962761637688e-05
2.60935459626082e-05
3.78344702118137e-05
5.39463397684986e-05
7.56436074226822e-05
0.000104312029042028
0.000141470018831758
0.000188702781369074
0.000247566721935308
0.000319464652805106
0.000405496275867864
0.000506292980954858
0.000621850584505282
0.000751377503164708
0.000893178198030422
0.001044591793889
0.00120200306221476
0.00136093732674925
0.00151624265788145
0.00166235281909749
0.00179361408690788
0.0019046497964017
0.00199072976893354
0.00204810887114921
0.0020743005201558
0.00206825698530757
0.00203043812075767
0.00196276235912419
0.00186844668148098
0.00175175403932248
0.00161767574950142
0.00147158160605411
0.00131887138934151
0.00116465831559407
0.00101350855670154
0.00086925246735411
0.000734873942267079
0.000612475673188017
0.00050331100058998
0.000407868192078941
0.000325990545793465
0.000257015555364042
0.000199918047988024
0.000153445127360023
0.00011623429204825
8.69096951671109e-05
6.41547303580821e-05
4.67616982516917e-05
3.36611082646037e-05
2.39342136678424e-05
1.68127653315532e-05
1.16698538225315e-05
8.00525761718512e-06
5.42808192528154e-06
3.63878422609517e-06
2.41202980712135e-06
1.58125899418052e-06
1.02540309050725e-06
6.57861562382271e-07
4.17637313987122e-07
2.62400776034486e-07
1.63195275150621e-07
1.00485103617361e-07
6.12663128315391e-08
3.69948560704217e-08
2.21275470512632e-08
1.31120167238381e-08
7.69876537285739e-09
4.47979561955782e-09
2.5837473790196e-09
1.47728691615881e-09
8.37471084999339e-10
4.70794240815928e-10
2.62490715433665e-10
1.45171815351766e-10
7.96524651829589e-11
4.33637270054011e-11
2.34274637026785e-11
1.25618895698831e-11
6.68612260537023e-12
3.53297788901357e-12
1.85357936219224e-12
9.65696186493521e-13
4.99669936681031e-13
2.56798533133676e-13
1.31105423122384e-13
6.64995510425901e-14
3.35148141138252e-14
1.6785104401855e-14
8.35465435718825e-15
4.13330279744907e-15
2.03271437865197e-15
9.93827580732957e-16
4.83109391121072e-16
2.33519382386152e-16
1.12249848236525e-16
5.36630598032735e-17
2.55171651946243e-17
1.20697580217961e-17
5.67893865705753e-18
2.66417178428179e-18
1.18524726558995e-18
