1.26768567535839e-29
7.18847448439799e-29
3.31964538464497e-28
1.37948517013378e-27
5.35542193169671e-27
1.97814188503328e-26
7.02416503153832e-26
2.41324650696213e-25
8.05650565230807e-25
2.62147251797829e-24
8.3322530542325e-24
2.59137166854199e-23
7.89617760976491e-23
2.35981576069798e-22
6.92280486912664e-22
1.99495678112196e-21
5.65050848231934e-21
1.57384081040403e-20
4.3126001250349e-20
1.16301104919273e-19
3.08770439112735e-19
8.07270604129528e-19
2.07895253377937e-18
5.27485878270252e-18
1.3188848321287e-17
3.25022328091655e-17
7.89592598087813e-17
1.89122617509318e-16
4.46679384209508e-16
1.0404401240736e-15
2.3903389860431e-15
5.41716217360961e-15
1.2111543518182e-14
2.67168247316667e-14
5.81523884537177e-14
1.24906453362969e-13
2.64771856772486e-13
5.53938289900117e-13
1.14389119492504e-12
2.33169240391775e-12
4.6919014649867e-12
9.32060310466039e-12
1.82802331600663e-11
3.53985811262841e-11
6.76829133152351e-11
1.2778587948774e-10
2.38241749422928e-10
4.38635367465037e-10
7.97551789637168e-10
1.43219274561224e-09
2.54008612231537e-09
4.44955048330318e-09
7.69874958238246e-09
1.31575669734881e-08
2.22124620346095e-08
3.70422470467352e-08
6.1022603997829e-08
9.93092522092105e-08
1.59663839145412e-07
2.53602305966657e-07
3.97961544556174e-07
6.16994717650907e-07
9.45115835812075e-07
1.43041622864387e-06
2.13906456912207e-06
3.16067247911042e-06
4.6146535075494e-06
6.65751891517867e-06
9.49093521967308e-06
1.33702147143484e-05
1.86127244059118e-05
2.56054900995712e-05
3.48110567677687e-05
4.67704674371699e-05
6.21020711478481e-05
8.14948017189903e-05
0.000105694620480231
0.000135483022080693
0.000171646888155329
0.000214939548588585
0.000266033662258354
0.000325467420173403
0.000393586537643901
0.000470485446571478
0.000555951912903131
0.000649419868302454
0.000749935446059417
0.000856140959113607
0.000966280802163808
0.00107823200247419
0.00118956044837113
0.00129760181501026
0.00139956406106056
0.00149264630061382
0.00157416708692019
0.00164169388756332
0.00169316494963051
0.00172699494583009
0.00174215677237154
0.00173823356212276
0.00171543722557061
0.00167459241694639
0.0016170874857338
0.00154479645107385
0.0014599780908135
0.00136515968431076
0.00126301367814136
0.00115623552866168
0.00104743026778654
0.000939014059866652
0.000833135338741609
0.00073161823039442
0.000635929073853951
0.000547165124963689
0.000466063099698683
0.000393024172788031
0.000328151429326273
0.000271295560419571
0.000222104748869427
0.000180075131043272
0.000144598856323335
0.000115007504154898
9.06093773344152e-05
7.071990067162e-05
5.46849674740626e-05
4.18975632643376e-05
3.18083458796031e-05
2.39310778289828e-05
1.78439056922667e-05
1.31874843523635e-05
9.66087571818634e-06
7.0160367393133e-06
5.05157176578175e-06
3.60627752984847e-06
2.55286856014446e-06
1.79214556465447e-06
1.24776416788948e-06
8.61678090169142e-07
5.90268783742862e-07
4.01130510814237e-07
2.70452830643007e-07
1.80928126961477e-07
1.20106921334845e-07
7.91254022608389e-08
5.17354318637693e-08
3.35757271370647e-08
2.16272099797172e-08
1.38776202652236e-08
8.12575376902487e-09
