1.33478462840734e-11
7.17677979773089e-11
3.08090409903086e-10
1.16923782939352e-09
4.06820788260498e-09
1.31982335417343e-08
4.02506796700064e-08
1.15890137770115e-07
3.15756727301659e-07
8.15278121541776e-07
1.99671667740846e-06
4.64184119014506e-06
1.02487702188536e-05
2.15012266123959e-05
4.28779017661134e-05
8.1305944181826e-05
0.000146636857929617
0.000251585906779927
0.00041069693095854
0.000637970610409946
0.000943108557294845
0.00132687929564599
0.00177676444075831
0.00226451017906638
0.00274715945721339
0.00317237610131445
0.00348750529438652
0.00365031549982489
0.00363840163504841
0.00345433344025223
0.0031248914854409
0.0026946776565665
0.00221620245736074
0.00173949003122798
0.00130399660452841
0.000934458785694641
0.000640790476771873
0.000420961478487184
0.000265271261574249
0.000160568310218526
9.34964974710808e-05
5.24539316875211e-05
2.84000354585893e-05
1.48644897995222e-05
7.53383421808717e-06
3.70395262733945e-06
1.76946459611633e-06
8.22767133979999e-07
3.72977933213945e-07
1.65100528554604e-07
7.14713401825761e-08
3.03012376133304e-08
1.25987184693619e-08
5.14383677282965e-09
2.06473564580927e-09
8.15726848955845e-10
3.17526905273424e-10
1.218965774766e-10
4.61919598154684e-11
1.72927725023255e-11
6.40056604927689e-12
2.34387483395721e-12
8.49759409293283e-13
3.05186033887513e-13
1.08638074010068e-13
3.83505405300163e-14
1.34319618236058e-14
4.6695716000906e-15
1.61198600397914e-15
5.52784979123646e-16
1.88371078968575e-16
6.38082317805776e-17
2.14919213464726e-17
7.19999664388517e-18
2.39972790517399e-18
7.9592263148811e-19
2.62759429547363e-19
8.63609417238724e-20
2.82640947764605e-20
9.21282906564505e-21
2.99135311220754e-21
9.67678150156295e-22
3.1192508876176e-22
1.00204988938425e-22
3.20854323623417e-23
1.0241472081806e-23
3.25916281637381e-24
1.03416348618873e-24
3.2723470505407e-25
1.03266988574411e-25
3.25041092051598e-26
1.02053993261845e-26
3.19650227841446e-27
9.98871627787552e-28
3.11435795978877e-28
9.68912189264498e-29
3.00807463597936e-29
9.31989148633991e-30
2.88190409782499e-30
8.89450241400053e-31
2.74007883814585e-31
8.42613410827721e-32
2.58667057509653e-32
7.92727330040618e-33
2.42548180424551e-33
7.40942146024604e-34
2.25996857831715e-34
6.88289651053477e-35
2.09319143326431e-35
6.35671768608089e-36
1.92779062191199e-36
5.83856072437791e-37
1.76598148355058e-37
5.33477007464598e-38
1.60956577073803e-38
4.85041519415767e-39
1.4599549816314e-39
4.38937899175128e-40
1.31820212763504e-40
3.95446784783385e-41
1.18503883605875e-41
3.54753420175715e-42
1.06091519394309e-42
3.16960430851487e-43
9.46040243536146e-44
2.82100532398838e-44
8.40421515032645e-45
2.50148731206047e-45
7.43902410796253e-46
2.2103370361685e-46
6.56196627873457e-47
1.94648148235453e-47
5.76919118639407e-48
1.70857995687721e-48
5.05613343697753e-49
1.49510431668727e-49
4.4177477044478e-50
1.30440744069722e-50
3.84870720585421e-51
1.13478045324932e-51
3.3435677688533e-52
9.84499489838175e-53
2.89690030363588e-53
8.51862971861745e-54
2.50339479951866e-54
7.35221251536976e-55
2.15787911880791e-55
6.33449765899071e-56
1.82157960314002e-56
