7.3555100662159e-12
3.96194100157284e-11
1.70624743039022e-10
6.49265049964152e-10
2.26620148793983e-09
7.37851242626286e-09
2.26045607342002e-08
6.54588513201824e-08
1.79646745978923e-07
4.67985880711798e-07
1.15841403513213e-06
2.72674386921931e-06
6.10709910436154e-06
1.30211555997376e-05
2.64403182644838e-05
5.11488357456112e-05
9.42931954855855e-05
0.000165691844528971
0.000277573748725307
0.000443378616468989
0.00067536407370664
0.000981079011572118
0.00135925303199213
0.00179617860160798
0.00226398325204137
0.00272205071371972
0.00312213073259926
0.00341651149871387
0.00356741928662081
0.00355508506568229
0.00338207457935236
0.00307255097891438
0.00266673836199493
0.00221233653871897
0.00175541741815642
0.00133316666547793
0.000969903858547496
0.000676593419161014
0.000453048430116819
0.000291533313245808
0.000180513521499583
0.00010769564602724
6.19974778389238e-05
3.44891991902083e-05
1.85690271983561e-05
9.69095403543949e-06
4.91013024444021e-06
2.4190385992516e-06
1.16059374577852e-06
5.43067975742114e-07
2.481952629552e-07
1.10943802812153e-07
4.8569223038327e-08
2.08505500515296e-08
8.78804201203387e-09
3.64061560490572e-09
1.48397112719405e-09
5.95764198026522e-10
2.35789026588202e-10
9.20762521598226e-11
3.55054658711218e-11
1.35297741143292e-11
5.09841138229731e-12
1.90111333158682e-12
7.01891188557598e-13
2.56721093360586e-13
9.30695219849862e-14
3.34592283700309e-14
1.19338502782491e-14
4.22456217578361e-15
1.48486540002161e-15
5.18385778659664e-16
1.79814818426928e-16
6.19926734434998e-17
2.12483326843078e-17
7.24265520904803e-18
2.45567258701074e-18
8.28413206244584e-19
2.78115484999173e-19
9.29387082325552e-20
3.09205736541541e-20
1.02437484109754e-20
3.37992411922849e-21
1.11087066567677e-21
3.63744355067423e-22
1.18677706079424e-22
3.85871319264277e-23
1.25047033036403e-23
4.03939018411137e-24
1.30083095688441e-24
4.17673588027713e-25
1.33724260403815e-25
4.26956916539577e-26
1.35956504408666e-26
4.31814675927363e-27
1.36808709287328e-27
4.32399017636047e-28
1.36346575846165e-28
4.28967853722768e-29
1.34665743709782e-29
4.21862466422094e-30
1.31884628290733e-30
4.1148493018266e-31
1.28137397918497e-31
3.98276530443517e-32
1.23567416784276e-32
3.82698056054893e-33
1.18321384004807e-33
3.6521255152621e-34
1.12544311852794e-34
3.46270857214262e-35
1.06375410942781e-35
3.26300049134638e-36
9.99448887984277e-37
3.05694718676893e-37
9.33716211176776e-38
2.84810905353539e-38
8.67616214531503e-39
2.63962409196692e-39
8.0207213480394e-40
2.4341915819921e-40
7.37867986891106e-41
2.23407284126953e-41
6.75651092117752e-42
2.04110560812538e-42
6.15938386476869e-43
1.85672876717338e-43
5.59125513542933e-44
1.68201442787857e-44
5.05497811974136e-45
1.51770472897116e-45
4.55242428762906e-46
1.36425113761298e-46
4.08460916341815e-47
1.2218544129476e-47
3.65181796490651e-48
1.09050378811061e-48
3.25372691165136e-49
9.70014278560011e-50
2.88951726252566e-50
8.60061338875742e-51
2.55798006807772e-51
7.60212360532281e-52
2.25761041119724e-52
6.69954698900652e-53
1.98669279345172e-53
5.88703260000262e-54
1.74464556363461e-54
5.0625867470745e-55
