2.62328677624038e-21
1.46604972819726e-20
6.63360711283703e-20
2.68591667233865e-19
1.0104333949678e-18
3.59716776109614e-18
1.22449065526407e-17
4.01140927987364e-17
1.27015188280836e-16
3.89891852878371e-16
1.1628425361747e-15
3.37526830473402e-15
9.54696425691713e-15
2.63411113768102e-14
7.09530863952042e-14
1.86710760478809e-13
4.80254860496447e-13
1.20804769554312e-12
2.97291105457866e-12
7.16006652200111e-12
1.68819274550037e-11
3.89774674474319e-11
8.81445759826927e-11
1.95281387056201e-10
4.23928969337178e-10
9.01920332752127e-10
1.88085439919575e-09
3.84518527948385e-09
7.70748073911944e-09
1.51493534535298e-08
2.92019265894433e-08
5.5209048229626e-08
1.02384125070983e-07
1.8625924129016e-07
3.32431649341701e-07
5.82130304579155e-07
1.00023733448726e-06
1.68647747412263e-06
2.790489549494e-06
4.53136105187254e-06
7.22187323496558e-06
1.12971043783837e-05
1.73461253634474e-05
2.61442885048805e-05
3.86821200171753e-05
5.61852336089705e-05
8.01182487062896e-05
0.000112164781850653
0.000154175606275049
0.000208078456709738
0.000275745999754756
0.000358823275927333
0.000458522198342762
0.000575397820550672
0.000709128033082843
0.00085832380764431
0.00102039970092711
0.00119153288758691
0.00136673285787343
0.00154003320095892
0.00170480260890527
0.00185415623372143
0.00198143326135813
0.0020806946554135
0.00214718875442512
0.00217773323491794
0.00217097015268027
0.00212746532346329
0.00204964203307139
0.00194155906142755
0.00180856116239416
0.00165684375702517
0.0014929808563699
0.00132346548743191
0.00115430571304491
0.000990708268844363
0.000836868055946121
0.000695867549749999
0.000569677666510703
0.000459242240753265
0.000364622744390671
0.000285178234229466
0.000219757176055031
0.000166881820906074
0.000124911129794481
9.21738546294592e-05
6.70684944472865e-05
4.81309458961365e-05
3.40735260627262e-05
2.38006715789796e-05
1.64071833518684e-05
1.11646529721428e-05
7.50095887762282e-06
4.97671546570143e-06
3.26150011821228e-06
2.11171091911736e-06
1.35110040289633e-06
8.54417321225867e-07
5.34163657282803e-07
3.30211683282848e-07
2.01890317493612e-07
1.22105092952185e-07
7.30695790761963e-08
4.32725246629602e-08
2.53657559251082e-08
1.47207282466235e-08
8.45943622740198e-09
4.81468222619185e-09
2.71450118447838e-09
1.51631488020874e-09
8.3935383200317e-10
4.60505719322099e-10
2.50458496316596e-10
1.35058640527664e-10
7.22218261031908e-11
3.83041833298385e-11
2.01523782916609e-11
1.05190862470029e-11
5.44840192181102e-12
2.80069641024125e-12
1.42900465219878e-12
7.23828170361386e-13
3.64027062553748e-13
1.81797937411139e-13
9.01697152713129e-14
4.44229038582799e-14
2.17412445492276e-14
1.05717888558092e-14
5.10802858056415e-15
2.45274160367308e-15
1.17056510126235e-15
5.55309485209009e-16
2.61890428938425e-16
1.22799696631191e-16
5.725521885464e-17
2.65472087343679e-17
1.22420303869243e-17
5.61516591167554e-18
2.56205826532307e-18
1.1629857501421e-18
5.25242063059296e-19
2.36039176854327e-19
1.05556993590465e-19
4.69792625164928e-20
2.08103123049721e-20
9.17576337861888e-21
4.02710440133572e-21
1.76289744999962e-21
7.36505516871642e-22
