2.55197589784529e-22
1.42944335477847e-21
6.4886140468989e-21
2.63791466271043e-20
9.97283358490982e-20
3.57099402248418e-19
1.22370522364197e-18
4.0391376283223e-18
1.2897285443144e-17
3.99597188574825e-17
1.2039927773614e-16
3.53370092025887e-16
1.01158844043911e-15
2.82743688990368e-15
7.72250108616063e-15
2.06250775883709e-14
5.38955622645924e-14
1.37860267654739e-13
3.45328592136103e-13
8.47398467229751e-13
2.03769571728537e-12
4.80293022551989e-12
1.10992592714797e-11
2.51534104249407e-11
5.59113442443326e-11
1.21921468889372e-10
2.60860170041146e-10
5.47705187990187e-10
1.12864238124037e-09
2.28291934505217e-09
4.53314567697117e-09
8.83751506290491e-09
1.69170723869969e-08
3.17998412154021e-08
5.87038808689716e-08
1.06435304673751e-07
1.89545843384384e-07
3.31575950560248e-07
5.69797587449112e-07
9.61953074653222e-07
1.59554164752651e-06
2.60020272586517e-06
4.16364412812118e-06
6.5513179410012e-06
1.01296104555682e-05
1.53916512022122e-05
2.2983952328141e-05
3.37310005349515e-05
4.86537376375536e-05
6.89767518469755e-05
9.61181988002725e-05
0.000131656267532349
0.000177266699217854
0.000234627700589504
0.000305291687940982
0.000390527569597483
0.000491142387521148
0.000607296484841607
0.000738331109413268
0.000882630544995496
0.00103754156234586
0.00119937051938639
0.00136347255593651
0.0015244383323937
0.00167637256972708
0.00181324670659291
0.00192929707183331
0.00201943187969961
0.00207960658453999
0.00210712855967848
0.0021008587501177
0.00206128907778242
0.00199048838797907
0.00189192457383376
0.00177018404518493
0.00163062003210072
0.00147896703145944
0.00132095949956844
0.00116198896157858
0.00100682604199717
0.00085942397196037
0.000722809516258102
0.000599057484168941
0.000489337195227427
0.000394014141189202
0.000312787795225455
0.000244846810061439
0.000189025150947157
0.000143946302979345
0.000108146839358221
8.01747025821287e-05
5.86610691528274e-05
4.23673687550455e-05
3.02108204662163e-05
2.12727836094143e-05
1.47944455154968e-05
1.01640740143822e-05
6.89944497046298e-06
4.62828717007873e-06
3.06880197401352e-06
2.01160349511697e-06
1.30383660430519e-06
8.35782441034558e-07
5.29949163051448e-07
3.32450648229559e-07
2.06372911508417e-07
1.26791633548469e-07
7.71116562432043e-08
4.6432206216429e-08
2.76863640234701e-08
1.63507015194592e-08
9.56546954094563e-09
5.54434436514749e-09
3.18450266684826e-09
1.81281290884551e-09
1.02295286295728e-09
5.72294686327987e-10
3.17478478272385e-10
1.74665532232435e-10
9.5315856778838e-11
5.16004643821807e-11
2.77164028020121e-11
1.47733167806842e-11
7.81517921906027e-12
4.10374490138433e-12
2.13925108266827e-12
1.1072392636454e-12
5.69084368200393e-13
2.9048471132396e-13
1.47277423654436e-13
7.41769621881442e-14
3.7117134483899e-14
1.84545655106508e-14
9.11816732407956e-15
4.47749307304775e-15
2.18541612951356e-15
1.0603577227955e-15
5.11488483948897e-16
2.45318141840419e-16
1.16997879415845e-16
5.54911891853286e-17
2.61764075865257e-17
1.22822335614979e-17
5.73279449540118e-18
2.66205205436148e-18
1.22989637202379e-18
5.65348994260411e-19
2.59144029482101e-19
1.12895128047276e-19
