1.33756261025091e-25
7.53941752348903e-25
3.45263537531023e-24
1.41950931328127e-23
5.44008029056014e-23
1.97926653941992e-22
6.90770523105637e-22
2.32755006440147e-21
7.60457245227729e-21
2.41646821847543e-20
7.4848952265827e-20
2.26371551456658e-19
6.69360145358726e-19
1.93710681737212e-18
5.49124789241365e-18
1.52586362447299e-17
4.1585446875321e-17
1.11214908886883e-16
2.91987905393772e-16
7.52846473997932e-16
1.906896180112e-15
4.74623850178224e-15
1.16113578527183e-14
2.79270420323443e-14
6.60485261874192e-14
1.53630365381943e-13
3.51511121617266e-13
7.91252881725515e-13
1.7525343067884e-12
3.81987164291445e-12
8.19433801730921e-12
1.730254420434e-11
3.59651472906729e-11
7.35988962451971e-11
1.48291900451944e-10
2.94209612684115e-10
5.74809531166161e-10
1.10598963029413e-09
2.09589037395657e-09
3.91205686549634e-09
7.19263302078508e-09
1.30269383390077e-08
2.32430278302463e-08
4.08565630184914e-08
7.07573306959493e-08
1.20737487187437e-07
2.02998805043785e-07
3.36313359244801e-07
5.49049892674251e-07
8.83310775455372e-07
1.40044326189062e-06
2.18818165736267e-06
3.36962908725554e-06
5.11418199989941e-06
7.65032080650278e-06
1.12799232472185e-05
1.63933983142535e-05
2.34844962223798e-05
3.31631506980837e-05
4.61642027290524e-05
6.33494123998072e-05
8.56998807857e-05
0.000114295982901924
0.000150282259814711
0.000194815517065879
0.000248995668556358
0.000313780626302227
0.000389888661849049
0.000477693961287727
0.000577123289187656
0.000687563438522486
0.000807790131334087
0.000935928946405085
0.00106945748267456
0.00120525526963713
0.00133970404526614
0.00146883627097873
0.00158852464616523
0.00169470053976144
0.0017835853202474
0.00185191611604639
0.00189714698872984
0.00191760802566888
0.00191260835257033
0.00188247415261685
0.00182851885810388
0.00175294901764686
0.00165871517608113
0.00154932175932547
0.00142861293727318
0.00130055249166137
0.00116901485450205
0.0010376019609259
0.000909496819847441
0.000787360295652379
0.000673273083247066
0.000568720756803543
0.000474616468743154
0.000391353604795533
0.000318879537038753
0.000256781489727345
0.000204376263726089
0.00016079691062702
0.000125071142212381
9.61880566591781e-05
7.31514555801386e-05
5.50194705443848e-05
4.09313316218382e-05
3.01228682278478e-05
2.19327538775773e-05
1.58016419749527e-05
1.12662563830637e-05
7.9502690665726e-06
5.5534829596249e-06
3.84049554215004e-06
2.62968766030748e-06
1.78308917007968e-06
1.19743192594852e-06
7.96515609113537e-07
5.24880112070474e-07
3.42692671272812e-07
2.21709686996328e-07
1.42152887041147e-07
9.03386431718142e-08
5.69106643770203e-08
3.55443783418532e-08
2.20120203565273e-08
1.35180699755352e-08
8.23358321112168e-09
4.97434111801802e-09
2.9813111289399e-09
1.7727850837623e-09
1.04600400159617e-09
6.12477155135784e-10
3.55939301008793e-10
2.05324641387069e-10
1.17580208050867e-10
6.68503502082572e-11
3.7739582340164e-11
2.11573560340042e-11
1.17799348626339e-11
6.5145914188005e-12
3.57881462451169e-12
1.95318418723288e-12
1.05911376494628e-12
5.70667191055426e-13
3.05527038709366e-13
1.63011456224502e-13
8.13545530269615e-14
