2.70808247982552e-10
1.41397284046199e-09
5.94283734250449e-09
2.21453032854734e-08
7.59319576498665e-08
2.42154359584434e-07
7.21356884934278e-07
2.01004930463794e-06
5.24315186928958e-06
1.2810456937562e-05
2.9331847147395e-05
6.2964597414659e-05
0.00012675932736493
0.000239386756424314
0.000424165365231031
0.000705235339590725
0.00110032196685199
0.00161099374796888
0.0022133047927975
0.0028532252370076
0.00345102636324521
0.00391607351898563
0.00416895935915191
0.00416372677733517
0.00390163518149197
0.00343076803081881
0.00283161966993624
0.00219459535531481
0.00159807079764935
0.00109417088763817
0.000705078346951369
0.000428122661203173
0.000245302833257197
0.000132856455753164
6.81512702526736e-05
3.31869844218172e-05
1.53808302760994e-05
6.80365915812306e-06
2.8813224699188e-06
1.17204845243438e-06
4.59489498682804e-07
1.74210602494038e-07
6.40943307473698e-08
2.29581300978493e-08
8.03097705439249e-09
2.75138584056476e-09
9.25550643840866e-10
3.06408668718793e-10
1.00026517670225e-10
3.22541919697048e-11
1.02885001093336e-11
3.25056069241684e-12
1.01828844491522e-12
3.16583591146665e-13
9.7758195445319e-14
3.00026658867076e-14
9.15721391414337e-15
2.78089946732233e-15
8.40657503600496e-16
2.53066388346068e-16
7.58893654027181e-17
2.26772692359422e-17
6.75431831954837e-18
2.00566356088528e-18
5.93901362233285e-19
1.75402021400075e-19
5.16767216680733e-20
1.51902242622981e-20
4.45558448383146e-21
1.30428713202794e-21
3.81084728628484e-22
1.11146821004102e-22
3.23625790836468e-23
9.40805130852448e-24
2.73088520152537e-24
7.91568189200013e-25
2.29131975550423e-25
6.6240651561637e-26
1.91263450648352e-26
5.51611035637367e-27
1.58909853169186e-27
4.57306539618562e-28
1.31468908097743e-28
3.77586798487586e-29
1.08344405843448e-29
3.10605304642344e-30
8.89691943009786e-31
2.54632393846311e-31
7.28190126245981e-32
2.08087595354808e-32
5.94196744097687e-33
1.69554269109592e-33
4.83495744517973e-34
1.3778201741321e-34
3.92390353238921e-35
1.11681036196216e-35
3.17676312342137e-36
9.0311493645342e-37
2.5660322177091e-37
7.28701687670329e-38
2.06829925118349e-38
5.8675918754666e-39
1.66378046536225e-39
4.71550395553735e-40
1.33586405402274e-40
3.78272083651865e-41
1.07068018324263e-41
3.02924229608368e-42
8.56706652205861e-43
2.42191578971828e-43
6.84414816261702e-44
1.93338227859773e-44
5.45956893512059e-45
1.54115179422758e-45
4.34893494422976e-46
1.2268025671461e-46
3.45958816880498e-47
9.75294210588432e-48
2.74860180491242e-48
7.74383772844557e-49
2.18108240197305e-49
6.14132925332425e-50
1.72874176586821e-50
4.86494747509202e-51
1.36870303561698e-51
3.84969222648549e-52
1.0825078796791e-52
3.04317470240332e-53
8.55294876161915e-54
2.40325772938576e-54
6.75122478229235e-55
1.89611515778602e-55
5.32413285034025e-56
1.49464183161523e-56
4.19499491656535e-57
1.17715518941811e-57
3.30252293906477e-58
9.26338275401661e-59
2.59780634075559e-59
7.28381713632194e-60
2.04186979689819e-60
5.72289014421493e-61
1.60369835761661e-61
4.49315483597385e-62
1.25864415777083e-62
3.52516386370404e-63
9.87119801660434e-64
2.76559595030843e-64
7.60645598951511e-65
