1.56024457939264e-19
8.680880240333e-19
3.9035071204153e-18
1.56795946400468e-17
5.84171799229856e-17
2.05606240192007e-16
6.90747888671386e-16
2.22938749762645e-15
6.94212875155754e-15
2.0918957113956e-14
6.11324717502152e-14
1.73538837276931e-13
4.79136732447726e-13
1.28792210538169e-12
3.37312004500919e-12
8.61326522445109e-12
2.1455156157015e-11
5.21579610242521e-11
1.23794986971712e-10
2.86962188105526e-10
6.49849410833807e-10
1.43806831378158e-09
3.11046234683193e-09
6.57716221228489e-09
1.35988143885478e-08
2.74970159053576e-08
5.43824358202988e-08
1.05215827558377e-07
1.9916290214466e-07
3.68885689557954e-07
6.68618032406144e-07
1.18607047745668e-06
2.05934405692356e-06
3.50001721235198e-06
5.82329023643775e-06
9.48539400309634e-06
1.51272689521553e-05
2.36217202822797e-05
3.6118885097742e-05
5.40821007956726e-05
7.93035472708758e-05
0.000113886977622429
0.000160184255481032
0.000220674130299907
0.00029777639440729
0.000393602552237194
0.000509655003980142
0.000646499286332346
0.000803446083675431
0.000978288899824516
0.00116714672797934
0.00136445657461142
0.00156314729648024
0.00175500465256421
0.00193121042986401
0.00208301028948741
0.00220244080171947
0.00228303100185485
0.00232039133904799
0.00231261442963375
0.0022604361217079
0.00216713802204346
0.00203820807957453
0.00188080781229645
0.00170311790429145
0.00151364473840915
0.00132056807470339
0.00113119617644343
0.000951572815250516
0.000786255344154899
0.000638258954145229
0.000509142938182699
0.000399202418729674
0.00030772408849917
0.000233266227406943
0.000173929827858711
0.000127596938781309
9.21222797394751e-05
6.54731724150691e-05
4.58198801169173e-05
3.15831300624684e-05
2.14479994712559e-05
1.43538771190723e-05
9.46941774480986e-06
6.15984644894651e-06
3.95211779763894e-06
2.50163379357516e-06
1.56268467696122e-06
9.63589069469422e-07
5.86682900343673e-07
3.52795527699346e-07
2.09588046675804e-07
1.23040483877674e-07
7.13970632011335e-08
4.09613726548766e-08
2.32401943163287e-08
1.3043180761158e-08
7.24287939177335e-09
3.98039770300499e-09
2.16536250177409e-09
1.16633437738673e-09
6.22158665818496e-10
3.28745658351295e-10
1.72104706676856e-10
8.92874152796263e-11
4.59136001274313e-11
2.34062983681122e-11
1.18317510522709e-11
5.93161200194976e-12
2.94974415590283e-12
1.45533279982413e-12
7.12497093392437e-13
3.46195313138519e-13
1.66974114108359e-13
7.99535347187758e-14
3.8015050671139e-14
1.79502242777539e-14
8.418715406726e-15
3.92235532438957e-15
1.81566205030708e-15
8.35161084131738e-16
3.8177826321509e-16
1.73466198440841e-16
7.83495870698759e-17
3.51828275801998e-17
1.57090343629324e-17
6.97499821764493e-18
3.08009667575422e-18
1.35287813506635e-18
5.91118086786442e-19
2.56954934975127e-19
1.11135168268582e-19
4.78301122722425e-20
2.04856142316592e-20
8.73243835550791e-21
3.70511065225605e-21
1.56489452619075e-21
6.57999095844878e-22
2.75460273097218e-22
1.14821247058342e-22
4.7659598800647e-23
1.97005190653573e-23
8.11031220361527e-24
3.32554401354096e-24
1.35826580181973e-24
5.52632262692939e-25
2.23982660861757e-25
9.05901296466879e-26
3.51955579785432e-26
