6.39465959756752e-14
3.48892681835217e-13
1.52654586977911e-12
5.9206288779794e-12
2.11322404698873e-11
7.06708056933588e-11
2.23635475380504e-10
6.73597027592592e-10
1.93834160368196e-09
5.34187330328937e-09
1.41227798379586e-08
3.58618285479879e-08
8.75426298653742e-08
2.05581203721656e-07
4.64693025139433e-07
1.01150500980506e-06
2.1210849155132e-06
4.2862835817886e-06
8.34951927753492e-06
1.5682234906234e-05
2.84062617800599e-05
4.96319043876459e-05
8.36601200584761e-05
0.000136065178063773
0.000213549443307184
0.000323457989948056
0.000472873380134311
0.00066729046647925
0.000908994140342453
0.00119540624378351
0.00151778830141916
0.00186073131980204
0.00220278876730032
0.00251840145671564
0.00278095768311773
0.00296650849879608
0.00305741994865208
0.00304518149862692
0.00293174175225198
0.00272907606197934
0.00245710874326822
0.00214048839393021
0.00180493853469743
0.00147392379149497
0.0011662013984995
0.000894543205912364
0.000665612364071038
0.000480745720142874
0.000337273580672418
0.000230004505623164
0.000152582651911953
9.85434231075723e-05
6.2008549168446e-05
3.80479482484392e-05
2.27837475956651e-05
1.3325814156087e-05
7.61898685112591e-06
4.26180505971209e-06
2.33419335963572e-06
1.25278167849381e-06
6.59402733000029e-07
3.40640467752357e-07
1.72836793091983e-07
8.61956086853068e-08
4.22811930625433e-08
2.04134262025156e-08
9.70674428322892e-09
4.54874538133006e-09
2.10198810108e-09
9.5838207892933e-10
4.31375316933981e-10
1.91781993186788e-10
8.42584967759564e-11
3.65999352303989e-11
1.57255327092506e-11
6.68616738516308e-12
2.81433244480122e-12
1.17319635441598e-12
4.84535791868861e-13
1.98333356877396e-13
8.04873924148783e-14
3.23938472836917e-14
1.2934017458211e-14
5.12469326628083e-15
2.01551975519561e-15
7.87057536122407e-16
3.05236309739602e-16
1.17592898634659e-16
4.50133363996138e-17
1.71242640781571e-17
6.47566322030126e-18
2.43469797948622e-18
9.10285017025301e-19
3.38501339364175e-19
1.25218877825126e-19
4.60869566929996e-20
1.68792945659004e-20
6.15268710749195e-21
2.23240530018852e-21
8.06379817938571e-22
2.90016565400554e-22
1.03867158624581e-22
3.70475448053103e-23
1.3161870372926e-23
4.6580267042686e-24
1.64232743832687e-24
5.76947485680308e-25
2.01964554486956e-25
7.04560419304587e-26
2.4496600134801e-26
8.48939238069312e-27
2.93270176959309e-27
1.00998652946117e-27
3.46780132547252e-28
1.18718138316714e-28
4.05262369579442e-29
1.37956685899004e-29
4.68345485336728e-30
1.58575403877578e-30
5.35524081659415e-31
1.8039425598689e-31
6.06167766739601e-32
2.03195667563268e-32
6.79534824402135e-33
2.26729513662808e-33
7.54789908319534e-34
2.50719257381122e-34
8.31024950442092e-35
2.74868961850319e-35
9.07282359576454e-36
2.98870872494329e-36
9.82579529221492e-37
3.22413256908429e-37
1.0559336713541e-37
3.45188196995358e-38
1.12638603958043e-38
3.66899049667052e-39
1.19302469330455e-39
3.8726732582281e-40
1.25500507516955e-40
4.06038779406041e-41
1.31156781714313e-41
4.22988545936779e-42
1.36205334977173e-42
4.37925193621586e-43
1.40591511388512e-43
4.50677470177891e-44
1.44399242796664e-44
4.51222614675698e-45
