1.23540144364509e-12
6.69532692491453e-12
2.90267313157423e-11
1.11330851933132e-10
3.92043603358567e-10
1.29005474566181e-09
4.00374108628251e-09
1.17818322298532e-08
3.29778861543085e-08
8.79758144139248e-08
2.23981424237757e-07
5.44728244713107e-07
1.26641979308145e-06
2.81612981236913e-06
5.99250853292884e-06
1.22072270940088e-05
2.38134838820071e-05
4.44989030266374e-05
7.96708676927757e-05
0.000136697286033611
0.000224802692875334
0.000354390951250141
0.000535612507820253
0.000776148444932093
0.00107844474292641
0.00143694345698335
0.00183611214340943
0.00225013163581832
0.00264486092381608
0.00298215197469432
0.00322586948338212
0.00334832569233807
0.00333553476581182
0.0031898898607605
0.00292954165368711
0.00258468379092001
0.00219179533485986
0.00178735786853008
0.00140252417805485
0.00105974091811036
0.000771644497168791
0.000541918726965814
0.000367411719491474
0.000240716147803859
0.000152562464726655
9.36394499713655e-05
5.57229874583866e-05
3.21871655859579e-05
1.80684306217435e-05
9.86887505175057e-06
5.25102238831312e-06
2.72498385222468e-06
1.38081185035297e-06
6.83991989904732e-07
3.31585168046072e-07
1.57482582552807e-07
7.33519515658405e-08
3.35399453843535e-08
1.50693710861311e-08
6.65887635625261e-09
2.89635033554231e-09
1.24107301328125e-09
5.24290936982972e-10
2.18519533783524e-10
8.99181352259161e-11
3.65529540595672e-11
1.46885359715951e-11
5.83797879067644e-12
2.29618512488028e-12
8.94190800334449e-13
3.44935476612339e-13
1.31863037425265e-13
4.99766903309807e-14
1.87863316680843e-14
7.00660012929551e-15
2.59367091100615e-15
9.5325066464266e-16
3.47951204142663e-16
1.26175527700149e-16
4.54670590232605e-17
1.62853170987298e-17
5.79935375321154e-18
2.05374988510289e-18
7.23427711374516e-19
2.53520051719564e-19
8.84065075493468e-20
3.06825590535035e-20
1.06001212476748e-20
3.64598227293559e-21
1.24873881790154e-21
4.25939025271285e-22
1.44711883386974e-22
4.89779994333518e-23
1.65155961326685e-23
5.54929012078746e-24
1.85815373576855e-24
6.20119781412151e-25
2.06284080488059e-25
6.84063429757091e-26
2.26156941205436e-26
7.45498608876602e-27
2.45044990229569e-27
8.03237409891174e-28
2.62589033707535e-28
8.56204992918817e-29
2.7847100204266e-29
9.0347147550324e-30
2.92422701395653e-30
9.44275268415162e-31
3.04231804453221e-31
9.78037643788324e-32
3.13745097539103e-32
1.0043688349695e-32
3.20869148181889e-33
1.02306637948487e-33
3.25568670145831e-34
1.03410671773103e-34
3.27862940664791e-35
1.03763125183202e-35
3.27820668924899e-36
1.03392816043598e-36
3.25553729407558e-37
1.02341126993033e-37
3.21210163440915e-38
1.00659721729889e-38
3.1496682269919e-39
9.84082022231404e-40
3.07021984968717e-40
9.56518033209577e-41
2.97588220457018e-41
9.24592039660845e-42
2.86885730834672e-42
8.89005163198161e-43
2.75136326881316e-43
8.504549662065e-44
2.62558157041096e-44
8.09620053723999e-45
2.4936125054719e-45
7.6714730032863e-46
2.3574389646333e-46
7.23641710967613e-47
2.21889844769183e-47
6.79658824784521e-48
2.07966288111633e-48
6.35699462348777e-49
1.94122803741926e-49
5.92188140891052e-50
1.80631758771643e-50
5.38727032577074e-51
