1.9622938668874e-14
1.07310261174166e-13
4.71012671268898e-13
1.83417081196545e-12
6.57893202773499e-12
2.21319752266416e-11
7.05301535654093e-11
2.14205593814716e-10
6.22381584742328e-10
1.73446894399446e-09
4.64444418772695e-09
1.19650741140448e-08
2.96843356367394e-08
7.09726593746029e-08
1.63630170706985e-07
3.63961228887232e-07
7.81346102703794e-07
1.61949536624106e-06
3.24186313837127e-06
6.26905572049947e-06
1.17138969230971e-05
2.11533556963642e-05
3.69242388767675e-05
6.23109507633474e-05
0.000101670615207552
0.000160418778314194
0.000244786780368975
0.000361271005211897
0.000515734649405928
0.000712198013881226
0.000951455472904548
0.00122976362029911
0.00153792114158264
0.00186106947160964
0.00217945838637792
0.00247024208210017
0.00271013212716468
0.00287849611481772
0.00296032863106133
0.00294849385463424
0.00284476814854187
0.00265946810664688
0.00240976377191119
0.00211705847884623
0.00180398878959387
0.00149162129136031
0.00119730695879115
0.00093344781236504
0.000707202801889089
0.000520972253257064
0.000373390755938283
0.00026053466893579
0.000177095099652797
0.000117349815813705
7.58572027416389e-05
4.78695711875883e-05
2.95110403795027e-05
1.77864036636532e-05
1.04878738356833e-05
6.05478255333379e-06
3.42479913428115e-06
1.89935883723761e-06
1.03352089435372e-06
5.52167474433952e-07
2.89837035816061e-07
1.49572961270049e-07
7.59355304376587e-08
3.79487750701392e-08
1.86797276541708e-08
9.06178207873149e-09
4.33479064015379e-09
2.04581377849414e-09
9.53082466230122e-10
4.38505715726675e-10
1.9934512728355e-10
8.95814658702879e-11
3.98108173395195e-11
1.75038871873379e-11
7.61711726598028e-12
3.28196672284284e-12
1.40062698360805e-12
5.922512492723e-13
2.48215192184553e-13
1.03139944909975e-13
4.2504288466903e-14
1.73768572405564e-14
7.04956100303975e-15
2.83870121106406e-15
1.13488906971502e-15
4.50575729459208e-16
1.77689911913707e-16
6.96199857831759e-17
2.71064538942487e-17
1.04897851862667e-17
4.03551849566684e-18
1.54365815952767e-18
5.87217195772843e-19
2.22185552943865e-19
8.36320624697294e-20
3.13211244797141e-20
1.16727793003461e-20
4.32958035723806e-21
1.59849633335402e-21
5.87528745991106e-22
2.15007342578595e-22
7.83496498991966e-23
2.84335622784874e-23
1.02774369453164e-23
3.70036639370436e-24
1.32726072281188e-24
4.74310695651996e-25
1.68891071773278e-25
5.99277482100717e-26
2.11916925900294e-26
7.46891074655423e-27
2.62385004151006e-27
9.18852423568514e-28
3.20782897433324e-28
1.1165234120064e-28
3.87477984554522e-29
1.34084664875382e-29
4.62693455139393e-30
1.59227498904343e-30
5.46487996193717e-31
1.87071436824248e-31
6.38740185954302e-32
2.17548291802261e-32
7.39138416860871e-33
2.50528855966291e-33
8.47176905463605e-34
2.85822638851374e-34
9.62158058737382e-35
3.23179623516088e-35
1.08320117190328e-35
3.62293986933052e-36
1.20925714981451e-36
4.02809645409078e-37
1.33912868755122e-37
4.44327410454073e-38
1.47149512850955e-38
4.86413479098473e-39
1.60494104899415e-39
5.28608937381352e-40
1.73798750722517e-40
5.70439890697617e-41
1.86912776757303e-41
6.11404676602578e-42
1.99869509716502e-42
6.36519796851453e-43
