1.61905333880171e-18
8.98245927292107e-18
4.02299410544927e-17
1.60770113648455e-16
5.95252349421132e-16
2.07967594157319e-15
6.9275204849898e-15
2.21427424670881e-14
6.82027684019072e-14
2.03037001467153e-13
5.85438982173247e-13
1.63763231190075e-12
4.44951200374478e-12
1.17540523102716e-11
3.02118134455135e-11
7.56054129539781e-11
1.84307232225786e-10
4.37860818752272e-10
1.01413807085142e-09
2.29069096342662e-09
5.04740102020399e-09
1.08520075270246e-08
2.27714379191292e-08
4.66440211786565e-08
9.32835661643634e-08
1.82175072328313e-07
3.47465685141583e-07
6.47340525449859e-07
1.17816247500764e-06
2.09497144911162e-06
3.63995871692134e-06
6.18018434620264e-06
1.02548876810654e-05
1.66310562128367e-05
2.63633466732983e-05
4.08510399017748e-05
6.18807705769799e-05
9.16399595901533e-05
0.000132683199962403
0.000187833572465194
0.000260004282190496
0.000351934058305341
0.000465842616856154
0.000603029156068958
0.000763454978025966
0.000945367330352427
0.0011450311926686
0.00135663502716979
0.00157242292249895
0.00178307900006216
0.00197835339259981
0.00214787842613949
0.00228208663853383
0.00237311698849307
0.00241558834672053
0.00240713294838244
0.00234861534355952
0.00224400867602895
0.00209995103870005
0.0019250504648238
0.00172903943969786
0.00152189349301533
0.00131302246735949
0.00111062050626055
0.000921227664880515
0.000749519593769652
0.000598308792955378
0.000468716466105983
0.000360460478037002
0.000272202259655726
0.000201901673294733
0.000147140709138481
0.000105391082394247
7.42144878985111e-05
5.13954906202517e-05
3.50148346551459e-05
2.3475255044043e-05
1.54931943358929e-05
1.00689849947404e-05
6.44593974012576e-06
4.06615661469867e-06
2.52825106288951e-06
1.55001032149201e-06
9.37273214216003e-07
5.59181244674027e-07
3.29252979237372e-07
1.91395493869425e-07
1.09872943626395e-07
6.23070107264233e-08
3.49138678907246e-08
1.93374551803315e-08
1.05892190423159e-08
5.73471984959293e-09
3.07228818624235e-09
1.62865210952045e-09
8.54523124261243e-10
4.43872486649366e-10
2.28317206245509e-10
1.16324037202531e-10
5.87154534048039e-11
2.93688237945739e-11
1.45602318517271e-11
7.15634793086712e-12
3.4877654923967e-12
1.68587165956801e-12
8.08368539991037e-13
3.84579194636451e-13
1.81566244501021e-13
8.50817689615007e-14
3.95791853610728e-14
1.82810352202689e-14
8.38514955529376e-15
3.82003494135303e-15
1.72877595355791e-15
7.77304751664744e-16
3.47287868231534e-16
1.54204184665399e-16
6.80568311130864e-17
2.98590029733371e-17
1.3024593671127e-17
5.64929169077357e-18
2.43679376914723e-18
1.04542042893126e-18
4.4613016020093e-19
1.89400048397934e-19
8.00008458642424e-20
3.36241867334033e-20
1.40636197916798e-20
5.85429607637431e-21
2.42564570466416e-21
1.00045336779399e-21
4.10793584625561e-22
1.67937301189219e-22
6.83605756141558e-23
2.77100005182741e-23
1.11860273835203e-23
4.4973739328881e-24
1.80102688601468e-24
7.18443881354339e-25
2.85502192573343e-25
1.13032051650573e-25
4.45861655779053e-26
1.7524069452891e-26
6.86333708260069e-27
2.6787339975643e-27
1.04194970752221e-27
4.03909701569719e-28
1.56291109555668e-28
5.82858361975086e-29
