3.54153505435683e-14
1.93463069438021e-13
8.47814150538016e-13
3.29497256020931e-12
1.1789873206594e-11
3.95463943494243e-11
1.2559022892063e-10
3.79876912000971e-10
1.09852260663103e-09
3.04469859492641e-09
8.10217460475298e-09
2.07262765556859e-08
5.10159910849012e-08
1.20911763296045e-07
2.76094387420076e-07
6.07685664482666e-07
1.28975114933748e-06
2.64050182012501e-06
5.2161320791762e-06
9.94496759693999e-06
1.83040647762061e-05
3.25285875530792e-05
5.58250882472195e-05
9.25344730484549e-05
0.000148163966760116
0.000229189324286429
0.000342531806826337
0.000494651807194285
0.000690279090651625
0.00093091222987016
0.00121334367878462
0.00152856330460323
0.0018614175181256
0.00219131948555136
0.00249411284642636
0.00274492105489454
0.00292153748851007
0.00300771513268194
0.00299567209373377
0.00288726941796654
0.00269361007595726
0.00243316968934808
0.00212889422817849
0.00180489568336
0.00148339800162114
0.00118244512576377
0.000914641286877252
0.000686932151250151
0.000501226272102897
0.000355541364647103
0.00024534447190086
0.000164815523500372
0.00010786285922295
6.88212222872682e-05
4.28430549529113e-05
2.60424146496664e-05
1.54689987480315e-05
8.98588659829831e-06
5.10873713182628e-06
2.84480855079054e-06
1.55277225815547e-06
8.31381209220426e-07
4.36964244612415e-07
2.25606978940666e-07
1.14503610755952e-07
5.71657365959574e-08
2.80920080761192e-08
1.35966111337021e-08
6.48544883164901e-09
3.05043215119079e-09
1.41558240514585e-09
6.48473092198708e-10
2.93394922599419e-10
1.31168130954993e-10
5.79723835573633e-11
2.53410180244519e-11
1.09602716105303e-11
4.69233311506086e-12
1.98927334112439e-12
8.35407408661122e-13
3.47658738388657e-13
1.43418315809799e-13
5.86667005101343e-14
2.38038279079171e-14
9.58288851916952e-15
3.82878653808889e-15
1.51864413836128e-15
5.98123460512735e-16
2.33975527126093e-16
9.09274261592269e-17
3.51123440345118e-17
1.34758615892867e-17
5.14129282173318e-18
1.95025170077559e-18
7.35684023327699e-19
2.76026430232122e-19
1.03024797589951e-19
3.82590857799811e-20
1.41382653913153e-20
5.19984736884992e-21
1.90361678477441e-21
6.93780240058378e-22
2.51752854172287e-22
9.09685505873105e-23
3.27359305318357e-23
1.17334230860704e-23
4.18928120226039e-24
1.49009954979277e-24
5.28076095110018e-25
1.86477293828504e-25
6.56212936578373e-26
2.30140267416376e-26
8.0446579460384e-27
2.80302160138708e-27
9.73609071075891e-28
3.37144610706597e-28
1.16400326020303e-28
4.00710105461143e-29
1.37554614695515e-29
4.70888833927235e-30
1.60763905694596e-30
5.47410639221506e-31
1.85917006719222e-31
6.2984253104648e-32
2.12851521118646e-32
7.17591944727669e-33
2.4135578050054e-33
8.09915645219084e-34
2.71172514230933e-34
9.05933907792735e-35
3.02004100677864e-35
1.00464937212655e-35
3.33519177261747e-36
1.10496977513848e-36
3.65360333734222e-37
1.20573362774392e-37
3.97152577383158e-38
1.30573781537665e-38
4.28512240607573e-39
1.40376607156079e-39
4.59055999974716e-40
1.49861729478431e-40
4.88409689936287e-41
1.58913274963263e-41
5.16216589383791e-42
1.67422383988425e-42
5.42124941378698e-43
1.75446806969123e-43
5.53453724711166e-44
