2.08738271390785e-13
1.13600607050678e-12
4.95368350150487e-12
1.9130780127589e-11
6.79298275191469e-11
2.25760516827637e-10
7.09111492755762e-10
2.11706098232101e-09
6.02895601019511e-09
1.64148908360551e-08
4.27955458721009e-08
1.0695613506731e-07
2.56459630332875e-07
5.90362867621441e-07
1.30536791846178e-06
2.77363835793662e-06
5.6653929909868e-06
1.11278375181428e-05
2.1023736932637e-05
3.82145391936208e-05
6.68426185464729e-05
0.000112527349058275
0.000182349691817834
0.000284477065479896
0.000427297016567518
0.000618004723102503
0.000860731494441451
0.00115448895865213
0.0014913854146015
0.0018556735339318
0.00222414110935956
0.00256812376690503
0.00285703012069834
0.00306282656408204
0.00316457675742821
0.00315200758178514
0.00302724852900451
0.00280432954633225
0.00250658856171583
0.00216265088362435
0.00180193863795134
0.00145067405664339
0.00112908685907955
0.000850136970975806
0.000619662149804108
0.000437571189050964
0.00029958091683377
0.000199027822015828
0.000128418069512144
8.05457744744244e-05
4.91547331536332e-05
2.92147797336192e-05
1.69265081137954e-05
9.56915475537817e-06
5.28364542767503e-06
2.85204308693922e-06
1.50640967205414e-06
7.79271680510472e-07
3.95164560673033e-07
1.96600179859165e-07
9.60435453600577e-08
4.61083480180911e-08
2.17697534239349e-08
1.01160711657643e-08
4.62980567759985e-09
2.08833682281397e-09
9.28979259138478e-10
4.07799453123512e-10
1.76757102134914e-10
7.56900130417755e-11
3.20377097173515e-11
1.34110732963007e-11
5.55458517733543e-12
2.2773086364894e-12
9.2461364170557e-13
3.71914531685214e-13
1.48264638013657e-13
5.86005978816977e-14
2.29713635260267e-14
8.93375891869141e-15
3.44809751097891e-15
1.32114630501276e-15
5.02655032995188e-16
1.89955742350275e-16
7.13194213474246e-17
2.66097283437355e-17
9.8684606971317e-18
3.63855527190789e-18
1.3340397953043e-18
4.86467898586271e-19
1.76468200790534e-19
6.36917284046016e-20
2.28758759626661e-20
8.17750752026774e-21
2.90991206299002e-21
1.03090488576563e-21
3.63662399623162e-22
1.27754968914417e-22
4.47005387063074e-23
1.55796176244435e-23
5.4095499594475e-24
1.87143533719905e-24
6.45126442589665e-25
2.21623705552096e-25
7.58808349717826e-26
2.58960735791505e-26
8.80970590088461e-27
2.9878082819221e-27
1.01028643012016e-27
3.4062146206542e-28
1.14516760278922e-28
3.83944294588893e-29
1.28381024875467e-29
4.28151110606704e-30
1.42424916311863e-30
4.72601954372486e-31
1.56441748764785e-31
5.16634515842024e-32
1.70220889206347e-32
5.5958384373264e-33
1.83553937591623e-33
6.00801511314368e-34
1.96240606652039e-34
6.39673458660919e-35
2.08094075348753e-35
6.75635865195556e-36
2.18945634859933e-36
7.08188556729567e-37
2.28648495336293e-37
7.36905610250049e-38
2.3708067207925e-38
7.61442977161268e-39
2.44146918275737e-39
7.81543092948405e-40
2.49779715562337e-40
7.97036571741069e-41
2.53939371737815e-41
8.0784119349926e-42
2.56613305790322e-42
8.13958476994068e-43
2.57814623542414e-43
8.15468192648466e-44
2.57580102625072e-44
8.12521208207158e-45
2.55967699322728e-45
8.05332182817793e-46
2.53045129619235e-46
7.94835306920839e-47
2.4374888483134e-47
