1.76520054272547e-16
9.72983646095518e-16
4.31809989332792e-15
1.70552077220119e-14
6.22481459147242e-14
2.13811197575272e-13
6.9826178519335e-13
2.18185807908264e-12
6.55013228672934e-12
1.89462544376665e-11
5.29087836211906e-11
1.42860688993365e-10
3.73396552094764e-10
9.45546530595965e-10
2.32142658827802e-09
5.52884173504558e-09
1.2779862720004e-08
2.86817000384201e-08
6.2520071941953e-08
1.32403547551869e-07
2.72495427362257e-07
5.45128657958039e-07
1.06025091391443e-06
2.00524863971088e-06
3.68849736068898e-06
6.59958725424065e-06
1.14875650532163e-05
1.94551766529053e-05
3.20616097047988e-05
5.14186772674642e-05
8.02565565830588e-05
0.000121926899194957
0.000180306169783401
0.00025956390401263
0.000363772449614869
0.000496358462040164
0.00065943093174892
0.000853060975199195
0.00107462633191566
0.00131835729600336
0.00157521977543656
0.00183323832425934
0.00207829761661857
0.00229537427322801
0.00247005974028202
0.00259016095977349
0.0026471292015285
0.00263708116337059
0.00256124051928963
0.00242572955490589
0.00224075642873851
0.00201934735821723
0.00177584188727273
0.00152439046647611
0.00127766665556964
0.00104594265353995
0.000836595071442439
0.000654027778670315
0.000499936284425494
0.000373802333166983
0.000273499253633958
0.000195902903455341
0.00013743114126049
9.44674822306665e-05
6.36545406199407e-05
4.2065499512198e-05
2.72755862149657e-05
1.73610715393015e-05
1.08526766575416e-05
6.6658943035703e-06
4.02479414731821e-06
2.38997649438857e-06
1.39639186431997e-06
8.0312147169284e-07
4.54892741244521e-07
2.53852185675119e-07
1.39631560804018e-07
7.57355548962456e-08
4.05236150677426e-08
2.13984840651867e-08
1.11556312100475e-08
5.74390058349604e-09
2.92201204731946e-09
1.46918153409444e-09
7.30362867506017e-10
3.59102499493415e-10
1.74685493280848e-10
8.40991340158908e-11
4.00825734937752e-11
1.8918111529688e-11
8.84468735860245e-12
4.09722592424299e-12
1.88111850244047e-12
8.5619624279842e-13
3.86428920576819e-13
1.7298543011258e-13
7.68234561699235e-14
3.38547688536516e-14
1.48074894995307e-14
6.42938099468535e-15
2.77185456788629e-15
1.18677831854621e-15
5.04717117330524e-16
2.13247657016916e-16
8.95270148206204e-17
3.7353448413357e-17
1.54911866339355e-17
6.3868136326177e-18
2.61815415163316e-18
1.06728690327512e-18
4.32716605265038e-19
1.74510551274518e-19
7.00152911338518e-20
2.79494067657296e-20
1.1102335176152e-20
4.38904365462414e-21
1.72698818281266e-21
6.76427355481036e-22
2.63761950360265e-22
1.02401814654527e-22
3.95869065039001e-23
1.5240048976934e-23
5.84323263081735e-24
2.23147406634913e-24
8.48869548015486e-25
3.21690250308736e-25
1.21455983504713e-25
4.56897867868167e-26
1.71266572804447e-26
6.3975306291038e-27
2.38160905342788e-27
8.83645339747723e-28
3.2678724714359e-28
1.20465054939642e-28
4.42684558496333e-29
1.62178239609643e-29
5.92355639994052e-30
2.15719927919975e-30
7.83323430189231e-31
2.83634913372353e-31
1.02416493776677e-31
3.6880349291323e-32
1.32451742973684e-32
4.74438440385269e-33
1.69505178247015e-33
6.04072177224842e-34
2.14730689982478e-34
7.6237441327452e-35
2.62394660312083e-35
