1.36291818557378e-24
7.6686989824021e-24
3.50311224989541e-23
1.43570452599719e-22
5.48107883444183e-22
1.98524152603706e-21
6.89299767365226e-21
2.30917601957457e-20
7.49610304801363e-20
2.36517715848331e-19
7.26957170396507e-19
2.18023516591789e-18
6.3887602364322e-18
1.83105428002735e-17
5.1371706605871e-17
1.41184504500799e-16
3.80314457681645e-16
1.00462770145368e-15
2.6034966521348e-15
6.62150716533034e-15
1.6532670102056e-14
4.05356710741994e-14
9.7622113269829e-14
2.30978908088726e-13
5.37027926392574e-13
1.2271587583021e-12
2.75648602575634e-12
6.08734196058329e-12
1.32183367275326e-11
2.82266134133835e-11
5.92823040579075e-11
1.2246824181083e-10
2.48884844064053e-10
4.97612671999741e-10
9.78906386815689e-10
1.89488958098476e-09
3.60955508122323e-09
6.7667851929083e-09
1.24853316335515e-08
2.26743588671728e-08
4.05334745466231e-08
7.13282677967226e-08
1.23566943825171e-07
2.10745444441836e-07
3.53875622623111e-07
5.85059281232865e-07
9.5241252455415e-07
1.5266681220588e-06
2.40977219348983e-06
3.74572520175756e-06
5.73377328052296e-06
8.64381238587492e-06
1.28335083814488e-05
1.87661568413567e-05
2.70277225519605e-05
3.8340852526616e-05
5.35730215119636e-05
7.37354513198105e-05
9.99691769470556e-05
0.000133514757606257
0.000175662783479235
0.000227683603751181
0.000290736621230813
0.000365761985998839
0.000453360378411639
0.000553669484206188
0.000666248318539605
0.000789982290195699
0.000923022371957415
0.00106277062208467
0.00120592143299662
0.00134856336059881
0.00148634057780689
0.00161466651823366
0.00172897593394227
0.00182499625969706
0.00189901566477118
0.00194812408729841
0.00197040517301472
0.00196506128582158
0.00193246014552056
0.00187409938567991
0.00179249342443737
0.00169099447550535
0.00157356538718321
0.00144452562897737
0.00130829283408021
0.00116914090324159
0.00103099216373233
0.000897256082931449
0.000770721314339617
0.000653502163535369
0.000547035556971441
0.000452120749211733
0.000368991565216757
0.000297409975544099
0.000236770091106325
0.000186202958555507
0.00014467449015193
0.000111071120470111
8.42700362006231e-05
6.31928374099351e-05
4.6843107810196e-05
3.43295305342816e-05
2.48768876993992e-05
1.78275807386651e-05
1.26362881452237e-05
8.86013297792188e-06
6.14635547175778e-06
4.21905400849126e-06
2.8661295871335e-06
1.92718431121798e-06
1.28280512039284e-06
8.45417662203942e-07
5.51719280825527e-07
3.56585757472675e-07
2.28281800206792e-07
1.44777868048246e-07
9.09742296490499e-08
5.66475590254972e-08
3.49583891200465e-08
2.13840167317293e-08
1.29674481043562e-08
7.79661715389716e-09
4.64839284260998e-09
2.7485406912148e-09
1.61198640566886e-09
9.37857497140405e-10
5.41357680273752e-10
3.10069229099102e-10
1.76243921882204e-10
9.94269603140468e-11
5.56777086461963e-11
3.09526315265518e-11
1.70845636935607e-11
9.36376609746391e-12
5.096676012214e-12
2.75525598643498e-12
1.47952799161058e-12
7.89255767531953e-13
4.18303916074217e-13
2.20288146123255e-13
1.15281603028578e-13
5.99573505357068e-14
3.09942673970975e-14
1.59265448172261e-14
8.13489233644267e-15
4.14147267866343e-15
1.9826970270847e-15
