2.42741009218557e-11
1.30002366406184e-10
5.56670533082494e-10
2.10565510405328e-09
7.30435463217023e-09
2.36102380127988e-08
7.16742421554568e-08
2.05133234170039e-07
5.54656129560582e-07
1.41860587087242e-06
3.43491968448282e-06
7.87895852094823e-06
1.71295879361726e-05
3.53135137441153e-05
6.90570821263717e-05
0.000128137666216995
0.00022565666894769
0.000377224690107921
0.000598673196660113
0.000902105356468075
0.00129071082513885
0.00175356572487886
0.00226229337025628
0.00277154640331083
0.00322448194482543
0.00356280438560665
0.00373908692425253
0.00372779589122251
0.00353145595681698
0.00317987436423427
0.00272272410560752
0.00221802961160372
0.00172023704841062
0.00127119642479461
0.000895877289965675
0.000602791965793475
0.000387707641921353
0.00023870173940576
0.000140888350349614
7.98488762912462e-05
4.3529868162563e-05
2.28674202204869e-05
1.15976694583364e-05
5.68952429432133e-06
2.7049897698968e-06
1.24872560772318e-06
5.60779864007723e-07
2.45431757214982e-07
1.04867465595405e-07
4.38172986368858e-08
1.79320126184067e-08
7.19835461620543e-09
2.83829630769037e-09
1.10067605919019e-09
4.20294826941252e-10
1.58203760259438e-10
5.87604883213506e-11
2.15556871197748e-11
7.81655119964247e-12
2.80403657866279e-12
9.95812557386014e-13
3.50333302207235e-13
1.22167616688646e-13
4.22514055084928e-14
1.44996203730129e-14
4.93974841848212e-15
1.67136760305031e-15
5.61862028319398e-16
1.87731116881196e-16
6.23645766376508e-17
2.06048807133734e-17
6.77263904933122e-18
2.21522397054184e-18
7.21202340171384e-19
2.33763497086211e-19
7.54518221639805e-20
2.42562291073222e-20
7.76816781595056e-21
2.47874350360113e-21
7.88194285720601e-22
2.49798718676751e-22
7.89159427598251e-23
2.48550979739058e-23
7.8054409449519e-24
2.44434456722033e-24
7.6341239432003e-25
2.37812001131282e-25
7.38974587819408e-26
2.29080123204587e-26
7.0851041272267e-27
2.18646570883129e-27
6.73304395743985e-28
2.06911920316879e-28
6.34594210270492e-29
1.94255313682467e-29
5.93531972704447e-30
1.81024168715598e-30
5.51157556661698e-31
1.67527477331554e-31
5.08382495168095e-32
1.54032191219457e-32
4.65982779557458e-33
1.40762141784361e-33
4.2459879147698e-34
1.27898942306765e-34
3.84740667161359e-35
1.15584355697213e-35
3.46797544388015e-36
1.03923668388175e-36
3.11049344485058e-37
9.29896791798836e-38
2.77679965397959e-38
8.28269833629054e-39
2.46790986081215e-39
7.34563016507823e-40
2.18415193143792e-40
6.48786667993857e-41
1.92529429050444e-41
5.70793362400718e-42
1.69066422842472e-42
5.00313457495444e-43
1.47925397998296e-43
4.36986570880857e-44
1.28981358575418e-44
3.80388821796231e-45
1.12093036408164e-45
3.30055886352693e-46
9.71095418987743e-47
2.8550207257099e-47
8.38758021747949e-48
2.46235726691653e-48
7.2236896443038e-49
2.11771344423111e-49
6.20414124005018e-50
1.8163878957132e-50
5.31439523943625e-51
1.55390026209409e-51
4.54069161025516e-52
1.32603756301689e-52
3.87016798806474e-53
1.1288832834739e-53
3.29092832515906e-54
9.58832488306241e-55
2.79207216551702e-55
8.12595873464823e-56
2.36369573793974e-56
6.87176683697944e-57
1.99826032692036e-57
5.69480724330015e-58
