9.43566992908409e-21
6.22809200650922e-20
3.02114703765857e-19
1.27691448709715e-18
4.96113927708798e-18
1.81487310239984e-17
6.33215371640609e-17
2.12355997791396e-16
6.87983184963458e-16
2.16074319582726e-15
6.59523305708974e-15
1.9600723105907e-14
5.68006863643348e-14
1.60681483017308e-13
4.44122794701363e-13
1.2002930282185e-12
3.17384423313863e-12
8.21528656364111e-12
2.08252374746318e-11
5.17192443706019e-11
1.25878856288865e-10
3.00343216067501e-10
7.02682165086202e-10
1.61241109388836e-09
3.62959342006836e-09
8.01653323188309e-09
1.73754221692104e-08
3.696337989974e-08
7.71893508315639e-08
1.58252105135786e-07
3.18566919622462e-07
6.29737790146323e-07
1.22256540349271e-06
2.33120226541108e-06
4.36639204129667e-06
8.03410008468367e-06
1.4523054137516e-05
2.57939107392918e-05
4.50137590433215e-05
7.71917260292895e-05
0.000130082980699579
0.000215436773922253
0.000350665331058313
0.000560999193836438
0.000882164811015324
0.00136356551523818
0.00207186247376956
0.0030947359319547
0.00454446272035899
0.00656078491816955
0.00931238739102683
0.0129961787279437
0.017833518388363
0.0240625928376871
0.0319263505574431
0.0416557813239751
0.0534488661880298
0.0674461960406653
0.0837049874882927
0.102173911208418
0.122671664893165
0.1448724431214
0.16830127553332
0.192341566481182
0.216256087378824
0.239221240770771
0.260372801807239
0.278859772297423
0.293901698690715
0.304844028881122
0.311205968396199
0.312715900113601
0.309330694441823
0.301236991880589
0.288834539034017
0.272703616655402
0.253560240541409
0.232203928227218
0.209463284158424
0.186144448381406
0.162986665392257
0.140628025116783
0.119583014345573
0.100232105805994
0.0828223848520848
0.0674772977931545
0.0542130633294885
0.0429591183689398
0.0335801195272249
0.0258974068246533
0.0197083582556686
0.0148026290697393
0.0109748007510111
0.00803340862043151
0.00580664569779783
0.00414524824699863
0.00292316639995337
0.00203663291311029
0.00140219028547408
0.000954146502363105
0.000641824211207179
0.000426863512093788
0.000280745446563149
0.000182627331470911
0.000117523977038959
7.48294785339185e-05
4.71500194542887e-05
2.94056489984474e-05
1.81549716154356e-05
1.10981800263332e-05
6.7185267675494e-06
4.02843467550302e-06
2.39282871767896e-06
1.40822492644582e-06
8.212752542926e-07
4.74713875495758e-07
2.72001164935875e-07
1.54515974198735e-07
8.70375906006939e-08
4.86224891037715e-08
2.69419652277879e-08
1.48097222474248e-08
8.07705065801318e-09
4.3712790169505e-09
2.34787265585781e-09
1.25172860875082e-09
6.62481380712759e-10
3.48114529117179e-10
1.81640048143997e-10
9.41232613603024e-11
4.84431139078801e-11
2.4766783663838e-11
1.25794405249496e-11
6.34830562984391e-12
3.18352820868865e-12
1.58658197437834e-12
7.85899152536579e-13
3.8696187141951e-13
1.89414036138338e-13
9.21814189703926e-14
4.46072591359173e-14
2.14655169914773e-14
1.02728906123904e-14
4.88990483457279e-15
2.31528653881185e-15
1.09054279805885e-15
5.11093266310264e-16
2.37780332806134e-16
1.1560120780642e-16
