0
2.72340928003025e-25
1.81043938103654e-24
8.87334315326091e-24
3.80127737834332e-23
1.50156392375561e-22
5.60181853951923e-22
1.99926065672008e-21
6.87901695309174e-21
2.29345317802106e-20
7.43485308461071e-20
2.34945147043303e-19
7.25086877467961e-19
2.1886355360198e-18
6.46866076579091e-18
1.87375970680921e-17
5.32354473012171e-17
1.48439428996617e-16
4.06434066841028e-16
1.0932531558474e-15
2.8900909289765e-15
7.51122569495472e-15
1.91976951565252e-14
4.82660650757112e-14
1.19396698616898e-13
2.90665146205469e-13
6.96510190384786e-13
1.64312980160166e-12
3.81676611438796e-12
8.73096309529149e-12
1.96711754662467e-11
4.36570340613543e-11
9.5451812330529e-11
2.05620756726275e-10
4.36461769712774e-10
9.12983203069615e-10
1.88215323231219e-09
3.82435986194768e-09
7.65963301057863e-09
1.51228805920321e-08
2.9435306481195e-08
5.64857058178212e-08
1.06873854557716e-07
1.99385166510135e-07
3.66797956256435e-07
6.65421253517186e-07
1.19048519946674e-06
2.1005340096924e-06
3.65538938441446e-06
6.27414707903079e-06
1.06221130594537e-05
1.77386098810627e-05
2.9221143960075e-05
4.74853525923563e-05
7.61241005955284e-05
0.000120392490991324
0.000187847532053046
0.000289170602212973
0.000439196235989354
0.000658160497278258
0.000973164692087711
0.00141982407020192
0.00204403581566375
0.00290375649711361
0.00407062830214203
0.00563123986085663
0.00768775750524933
0.0103576247192673
0.0137720111529173
0.0180727082520358
0.0234072256375758
0.0299219473127785
0.0377533611410094
0.0470175736671182
0.057798552185735
0.0701357758354357
0.0840121993334279
0.0993436043882404
0.11597050217844
0.133653727565787
0.152074713786471
0.170841151532646
0.189498332339858
0.207545984873296
0.224459881820312
0.239716983326322
0.252822452523678
0.263336586924181
0.270899599869672
0.275252281730314
0.276250868935413
0.273874922327545
0.268227614339162
0.259528480817784
0.248099334849773
0.234344596664313
0.218727708076646
0.201745533984101
0.183902692789248
0.165687611908292
0.147551804291809
0.129893452907896
0.113045926070319
0.0972713812419939
0.0827591958839427
0.0696286268772008
0.0579348665244751
0.0476775398826608
0.0388106687526111
0.0312531954943785
0.0248992920661315
0.019627851017698
0.0153107413483348
0.0118195925220887
0.00903102906736007
0.00683040636664266
0.00511419124056109
0.00379118911798888
0.00278284671738104
0.00202286108342686
0.00145630925294646
0.00103848440519251
0.000733589957140064
0.000513407404832599
0.000356020193975966
0.000244646678564119
0.000166611367640024
0.000112465399166854
7.52541611743017e-05
4.99214942020748e-05
3.28350830558548e-05
2.14155869370487e-05
1.3851945535244e-05
8.88644101435992e-06
5.65494424844669e-06
3.56992383308525e-06
2.23597107146871e-06
1.38962019046389e-06
8.57026949043056e-07
5.24573801968437e-07
3.18696568988324e-07
1.92199093716356e-07
1.15072746826349e-07
6.84044573659864e-08
4.03766428948532e-08
2.36675116077872e-08
1.37781800665379e-08
7.96768562512828e-09
4.56712612110433e-09
2.72730801024214e-09
0
