0
1.64658221050243e-21
1.08831568293054e-20
5.28965778873522e-20
2.24147812160107e-19
8.73631840049787e-19
3.20791460810471e-18
1.12411737159109e-17
3.78845918529687e-17
1.23415233386261e-16
3.89980903222062e-16
1.19833364701895e-15
3.58746251408126e-15
1.0478497333489e-14
2.9895522385057e-14
8.33883267293284e-14
2.27572877182759e-13
6.08024398978829e-13
1.59123131163829e-12
4.08084840756729e-12
1.02597970933893e-11
2.52954851149013e-11
6.11773064185126e-11
1.451755341108e-10
3.3810593696934e-10
7.72963170655517e-10
1.73497473917868e-09
3.82410809276414e-09
8.2782342124603e-09
1.76026528459051e-08
3.67712863042183e-08
7.54714839094746e-08
1.52212229738514e-07
3.01685585477514e-07
5.87679532012192e-07
1.12524572948827e-06
2.11793301305562e-06
3.91895239344602e-06
7.12940696075591e-06
1.27524381594153e-05
2.24294376800433e-05
3.87932489751006e-05
6.59830322577791e-05
0.000110375090302741
0.000181591543298022
0.000293851431029257
0.000467722746258276
0.000732314393948392
0.00112790915999218
0.00170897810470773
0.00254743094573181
0.00373584710622784
0.00539030461392972
0.00765229209308999
0.0106890731589746
0.0146917996117551
0.0198706708777585
0.0264465423988507
0.0346386182298558
0.0446482315423293
0.0566392081031173
0.0707158828400866
0.0869004320275369
0.105111704870774
0.125148088387827
0.146677023227451
0.169233533984996
0.192229516583658
0.214974564382705
0.236707902002659
0.256639674402032
0.273998588245402
0.288081911956143
0.298303275601235
0.304233683081973
0.305631690732112
0.30245976481965
0.294885270875618
0.283266175532386
0.26812313438035
0.250100984575482
0.229923590042395
0.20834640113595
0.186110971837548
0.163905086289604
0.142331204626147
0.121884803796441
0.102943028173041
0.0857630242758712
0.0704885228113152
0.0571627098144101
0.045745208192731
0.0361310407228124
0.0281697055571385
0.0216828908957694
0.0164798110877376
0.0123695963705307
0.00917056367188328
0.0067165065120577
0.00486035641064249
0.00347568952056307
0.0024565939334123
0.00171639417917111
0.00118567022862263
0.000809927499637015
0.00054718717507101
0.000365683506154686
0.000241783457224135
0.000158187222428972
0.000102426282577461
6.56474493402188e-05
4.16544655281722e-05
2.61705523979477e-05
1.62832704994038e-05
1.00349918943626e-05
6.12643211111981e-06
3.70579432721717e-06
2.22128982528185e-06
1.31961042163198e-06
7.77084769337995e-07
4.53667767479332e-07
2.62614176985483e-07
1.50755124537901e-07
8.58344679754082e-08
4.84783904438224e-08
2.71638720325559e-08
1.51025885502518e-08
8.33269707387809e-09
4.56301159370551e-09
2.48030814599611e-09
1.3384530255069e-09
7.17130867876239e-10
3.81544217029903e-10
2.01602042223091e-10
1.05803496957957e-10
5.515827172274e-11
2.85677704931982e-11
1.47009604530099e-11
7.51737803548735e-12
3.82019141953718e-12
1.92951309370508e-12
9.68721910317611e-13
4.83485360529069e-13
2.39907318780166e-13
1.18364620018274e-13
5.80711058239981e-14
2.83332555759145e-14
1.37504987351001e-14
6.62252629181357e-15
3.33227786828665e-15
0
