0
2.11796896624601e-14
1.37688359182832e-13
6.53278163653293e-13
2.6822583036105e-12
1.00543159915871e-11
3.52399821172227e-11
1.16972831734174e-10
3.7050284647095e-10
1.12527809776673e-09
3.28782957440587e-09
9.2626870284271e-09
2.5203899933021e-08
6.63199720472993e-08
1.68921325105905e-07
4.16790664241266e-07
9.96807964785334e-07
2.31198693979063e-06
5.2026576490716e-06
1.1362924626344e-05
2.40945095251273e-05
4.96169847661792e-05
9.92508617593427e-05
0.000192896991338175
0.000364325384147445
0.000668810426239642
0.00119353566179066
0.00207085116206736
0.00349381473866469
0.00573243960068066
0.00914775017897953
0.0141993009590156
0.0214405992498192
0.0314964061895798
0.0450167496162044
0.0626051392368435
0.0847230669517205
0.111578991937053
0.143016578830093
0.178422331100969
0.216675052302751
0.256157189696398
0.2948403989855
0.330445334062311
0.360660924952405
0.383394584703559
0.397015481740639
0.400551043241262
0.393803311171837
0.377365562896648
0.352537659776668
0.321156688052038
0.285373458705947
0.24741241148141
0.209351452240259
0.172950321662602
0.139543859389036
0.11000324214651
0.0847568845955406
0.0638551476217031
0.0470599699790789
0.0339415393843938
0.0239679089698533
0.0165785466023783
0.0112378446526494
0.00746870294543707
0.00486900500191185
0.0031151327773181
0.00195687480850365
0.00120755846759533
0.000732351290177517
0.00043671971265445
0.000256189859221871
0.00014791013511004
8.40831058904484e-05
4.70856781929476e-05
2.59853653653279e-05
1.41388889704889e-05
7.5880542918157e-06
4.01838923284955e-06
2.10064716085603e-06
1.0844315664138e-06
5.53047879204879e-07
2.78736380286363e-07
1.38882945481636e-07
6.84349140579107e-08
3.33598847709618e-08
1.60927085414689e-08
7.68469632744734e-09
3.63369012097867e-09
1.70184071362962e-09
7.89699179174913e-10
3.63156589048797e-10
1.65550026070246e-10
7.48302699309905e-11
3.35462443066046e-11
1.49187044885704e-11
6.58320538633355e-12
2.88308721231601e-12
1.25338321063624e-12
5.41008489677347e-13
2.31901562994511e-13
9.87335893937659e-14
4.17606453197792e-14
1.75504027026286e-14
7.32990733347914e-15
3.04279519456503e-15
1.25567904353972e-15
5.15208148742136e-16
2.10207946454931e-16
8.52981950463741e-17
3.44282320815115e-17
1.38239324715261e-17
5.52263534949451e-18
2.1953967848676e-18
8.68527906310954e-19
3.41986612755408e-19
1.34041051162501e-19
5.23018623472658e-20
2.03185529356621e-20
7.85975299951345e-21
3.0276684469121e-21
1.1615354085442e-21
4.43834883048021e-22
1.68932850510801e-22
6.40542770113339e-23
2.41969141594003e-23
9.10720307312681e-24
3.41552544351336e-24
1.27647037211442e-24
4.75419406232422e-25
1.76476671503334e-25
6.52938516520706e-26
2.40802681075429e-26
8.85284771340549e-27
3.24462930210058e-27
1.18559010894745e-27
4.31934247518077e-28
1.56906076638572e-28
5.68362845688902e-29
2.05304960471314e-29
7.39578771242509e-30
2.65707249805878e-30
9.52091014431585e-31
3.40275860964823e-31
1.21306044776255e-31
4.31371155875871e-32
1.53036648097521e-32
5.40549382412969e-33
1.99354413156874e-33
0
