0
6.56180510129684e-08
3.824360493893e-07
1.68137848764445e-06
6.43950182889963e-06
2.27047098439515e-05
7.422212452747e-05
0.000225244002822285
0.000634959303647217
0.00166354791559013
0.00405246932967491
0.00918273089798652
0.0193614498284511
0.0379959531885476
0.0694167221836312
0.11808325177497
0.187050778958016
0.275937592646816
0.379108987118867
0.485104584953481
0.578152126908599
0.641815263888618
0.663713949548739
0.639471180298654
0.57415509082231
0.480559105144264
0.375116851222503
0.27323941183271
0.185868191436521
0.118185703452106
0.0703290064278386
0.0392227197584841
0.020536480639192
0.0101156373666169
0.00469882959974886
0.00206411278414896
0.000860233483340486
0.000341351527900493
0.000129482376086342
4.71511060814763e-05
1.65568685315418e-05
5.63153616286602e-06
1.86359815439682e-06
6.0250223386922e-07
1.91022091114239e-07
5.95881791442924e-08
1.83401005182556e-08
5.58223889568761e-09
1.68340367045879e-09
5.03717170973928e-10
1.49733084372077e-10
4.42579991416361e-11
1.30178483714047e-11
3.81266693109142e-12
1.11245355819679e-12
3.23505913917168e-13
9.37960345747206e-14
2.71218821077924e-14
7.82348953869719e-15
2.25176629965202e-15
6.46803407588672e-16
1.85447468096972e-16
5.30803409156533e-17
1.51693767046049e-17
4.32886129215895e-18
1.23366345297978e-18
3.51137577454086e-19
9.98278935837976e-20
2.83500191910666e-20
8.04287684944532e-21
2.27957103975632e-21
6.45510233047672e-22
1.82634968500518e-22
5.16316692432284e-23
1.45854143810077e-23
4.11726854444264e-24
1.16145804077558e-24
3.27428624525974e-25
9.22491420983508e-26
2.59748708999202e-26
7.30973660028915e-27
2.0559777494664e-27
5.77981298821487e-28
1.62404298926564e-28
4.56119519638388e-29
1.28045899469086e-29
3.59307702837293e-30
1.00783327312457e-30
2.82578557558726e-31
7.91999103801021e-32
2.21896985321235e-32
6.21477259171509e-33
1.74001017838888e-33
4.87008254425926e-34
1.36264850066034e-34
3.81152779371136e-35
1.06582662792616e-35
2.97954906548772e-36
8.32712491441494e-37
2.3266124374295e-37
6.49891893410222e-38
1.81488792039078e-38
5.06702983591999e-39
1.41434469808945e-39
3.94691955678087e-40
1.1011979660994e-40
3.07170447715727e-41
8.56649237933062e-42
2.38857433456907e-42
6.65869410430265e-43
1.85590733334821e-43
5.17181145620771e-44
1.44095498350902e-44
4.01403866920494e-45
1.11799045094576e-45
3.11330706754345e-46
8.66832102576835e-47
2.41312021083144e-47
6.71669422647409e-48
1.86924615297369e-48
5.20131669103033e-49
1.44709656758404e-49
4.02550731128603e-50
1.11965452819181e-50
3.11378879761921e-51
8.65839273488997e-52
2.40729720555347e-52
6.69218108856464e-53
1.86016898254325e-53
5.16993418357405e-54
1.43670186221654e-54
3.99207237659501e-55
1.10912711366358e-55
3.08117539602441e-56
8.55863867035799e-57
2.37709802402683e-57
6.60152918917428e-58
1.83314982995666e-58
5.08988780957865e-59
1.41311054346914e-59
3.92285781285219e-60
1.08890075831682e-60
3.02227593428838e-61
8.3876588835424e-62
2.32760334684179e-62
6.45861658826774e-63
1.79197536196727e-63
4.97180234414783e-64
1.37716027490856e-64
3.97088484754521e-65
0
