0
1.52585747702924e-25
1.0146800751191e-24
4.97555721588168e-24
2.13283340999068e-23
8.43153145044534e-23
3.14838808129856e-22
1.12482705227416e-21
3.8748932759601e-21
1.29359925330103e-20
4.19969692595327e-20
1.32925005259545e-19
4.10945049597946e-19
1.24273766499444e-18
3.68037025591734e-18
1.06836835165298e-17
3.04226433285993e-17
8.50341283030669e-17
2.33421673578244e-16
6.29561480233317e-16
1.66899333771128e-15
4.35049884380849e-15
1.11537793361491e-14
2.81332053466283e-14
6.98286655646107e-14
1.70591856866194e-13
4.10276464123712e-13
9.71549041674723e-13
2.26564631405313e-12
5.20382230106364e-12
1.17737395397508e-11
2.62435297326386e-11
5.76363192079013e-11
1.24733530312189e-10
2.66027701991644e-10
5.59201146370358e-10
1.15863089362368e-09
2.3664319439133e-09
4.76484398162933e-09
9.45890906682268e-09
1.85140436110415e-08
3.57320475234996e-08
6.80045408579027e-08
1.27634153380816e-07
2.3624854904753e-07
4.31288339243082e-07
7.76577001403155e-07
1.37924189189196e-06
2.41632495153638e-06
4.17588162524409e-06
7.11929620250647e-06
1.19740010895825e-05
1.98687908568879e-05
3.2527402257632e-05
5.25397949385367e-05
8.37342419017849e-05
0.000131676321991063
0.000204322328097447
0.000312853313714509
0.000472710602312836
0.000704842544562556
0.00103715414409044
0.00150612473470853
0.00215852373880617
0.00305311135968453
0.00426216211127373
0.00587259851512697
0.00798647628460183
0.0107205289312231
0.0142044683326647
0.018577758035074
0.0239846363783091
0.0305672724260753
0.0384570898333326
0.0477644864357132
0.0585673973063165
0.0708993756390149
0.08473807220294
0.099995149757842
0.116508743398175
0.13403954579448
0.152271441817251
0.170817337886587
0.18923044177213
0.207020779421305
0.223676232234946
0.23868689632924
0.25157116291836
0.261901649118525
0.269329011303757
0.273601769255168
0.274580556005552
0.272245658879829
0.266697284319427
0.258148600547877
0.246912219588939
0.23338130811323
0.218006911103266
0.201273297583531
0.18367317975576
0.165684524233836
0.147750394707539
0.130262881660356
0.113551736736481
0.0978778875725606
0.0834316081941568
0.0703347947234703
0.058646567239961
0.0483712935003861
0.0394681037548524
0.0318610232877597
0.0254489695567301
0.0201150203089678
0.0157345348919013
0.0121818833574143
0.00933569180425984
0.00708263796165384
0.00531992370206342
0.00395661080647803
0.00291403603154409
0.00212552659804493
0.00153562386862007
0.00109899748986781
0.000779200290908168
0.000547380370747265
0.00038103447845596
0.000262858214410817
0.000179724937099558
0.000121806900025976
8.18388260610804e-05
5.4515239579525e-05
3.60076218666886e-05
2.35849907879419e-05
1.53210425155824e-05
9.87185137059007e-06
6.30975757600585e-06
4.00107160747994e-06
2.51730049392571e-06
1.57157118286171e-06
9.7368422068654e-07
5.98730988046624e-07
3.6544239562514e-07
2.2142332321327e-07
1.33195107815152e-07
7.9552979286713e-08
4.71813445898984e-08
2.77888096978754e-08
1.62569334174839e-08
9.4266174857477e-09
5.69272106659355e-09
0
