0
1.39853116174244e-11
8.99672629297354e-11
4.20605246182804e-10
1.69401295393423e-09
6.2008219296561e-09
2.11191171675079e-08
6.77522888316304e-08
2.06172555993789e-07
5.97651569795652e-07
1.65484453259361e-06
4.38479316388564e-06
1.11321282028786e-05
2.71052104681999e-05
6.3341450427945e-05
0.000142146848800082
0.000306486085870923
0.00063516561864666
0.00126566653310335
0.00242571927189846
0.0044726614022908
0.00793589400202008
0.0135524214822666
0.0222794517806216
0.0352634031362331
0.0537444405395178
0.0788830374066079
0.111511870025033
0.151841329635289
0.199174495389959
0.251708064682211
0.306498718543062
0.359652097986598
0.406744141394464
0.443422314840458
0.466075986579561
0.472431805309372
0.46193615960014
0.435834169521823
0.396929724246547
0.349089974862065
0.296615419720555
0.243616785836456
0.193519989564971
0.148771817889709
0.110760527780207
0.0799158761416686
0.0559239927146005
0.0379866284315264
0.0250666262227612
0.0160831358646539
0.0100424984199271
0.00610804262808811
0.00362200020349472
0.00209594113412906
0.00118465174792637
0.00065460091768108
0.000353935850330479
0.000187419587897538
9.72790978376195e-05
4.95335955374689e-05
2.47631887862055e-05
1.21640603955513e-05
5.87546801983392e-06
2.79262273380649e-06
1.30704095221025e-06
6.02783911981118e-07
2.74097661085247e-07
1.22965529590137e-07
5.44561228506989e-08
2.3819591146803e-08
1.02961194113746e-08
4.40028515960023e-09
1.86020867221829e-09
7.78236273274294e-10
3.22341204356993e-10
1.3223639358465e-10
5.37507321381265e-11
2.16558364147066e-11
8.65114746683504e-12
3.42786773499189e-12
1.34760381554914e-12
5.25796521020788e-13
2.0366365846425e-13
7.83369624874978e-14
2.99287476312625e-14
1.13601707688403e-14
4.28505539000456e-15
1.60656843506733e-15
5.98831479254899e-16
2.21952331124243e-16
8.18177493677417e-17
3.00017973857744e-17
1.09454725992041e-17
3.9735749435197e-18
1.43567736201126e-18
5.16329209651592e-19
1.84864653650443e-19
6.59020034109304e-20
2.33947554473487e-20
8.27120352609691e-21
2.91274207401816e-21
1.02180749756946e-21
3.5712346852928e-22
1.24364513764653e-22
4.31566757028731e-23
1.49250490837995e-23
5.14447404038503e-24
1.76751519569996e-24
6.05369164600253e-25
2.06704026306281e-25
7.03694609154186e-26
2.38869104556616e-26
8.0855351542061e-27
2.72936707067266e-27
9.18860809163879e-28
3.08532724004941e-28
1.03334309228408e-28
3.45228572993363e-29
1.15057237872433e-29
3.82552811654053e-30
1.26900535229673e-30
4.2000420532857e-31
1.38702627476396e-31
4.57065643091999e-32
1.50299160678761e-32
4.93218292465507e-33
1.6152744499267e-33
5.27955413562608e-34
1.72230705971761e-34
5.60795311255503e-35
1.8226198987175e-35
5.91292982800811e-36
1.91487597274469e-36
6.19050111285044e-37
1.9978995014763e-37
6.43723155427807e-38
2.07069829524916e-38
6.65029387452389e-39
2.13247952480921e-39
6.82750827496212e-40
2.18265886439601e-40
6.96736111033912e-41
2.22086324938251e-41
7.06900398626343e-42
2.24692795767056e-42
7.13221562737538e-43
2.26103940714357e-43
7.14561571318884e-44
2.35499591283711e-44
0
