0
6.87324525425162e-14
4.46104495638403e-13
2.11159859099832e-12
8.64310018435278e-12
3.22737514145849e-11
1.12595129369808e-10
3.71702280748555e-10
1.16988953138271e-09
3.52735249398775e-09
1.02212205879196e-08
2.85286607305947e-08
7.68227146211884e-08
1.99826591271625e-07
5.02546082870287e-07
1.2228577319973e-06
2.88078690239728e-06
6.57347360678754e-06
1.45347514060949e-05
3.11532994424875e-05
6.47469052146832e-05
0.000130518165519486
0.000255249422166692
0.000484388435442825
0.000892157028723116
0.00159507822224792
0.00276874366413557
0.00466663429177219
0.00763834559174949
0.0121427907313374
0.0187502131889298
0.0281257210987702
0.0409873046491175
0.0580336358340441
0.0798417830524835
0.106742073851295
0.138685616454598
0.175127495088271
0.214952920691443
0.256472343754044
0.297503430929101
0.335543339395662
0.368016414603419
0.392564484858746
0.407334142704958
0.411211757736239
0.403964220304204
0.386260377238121
0.359570840604875
0.325966752669204
0.287855645715117
0.247700889326153
0.207769203845773
0.169939953491138
0.135594040751909
0.105583555222604
0.0802696601475763
0.0596078324364234
0.043257049549074
0.0306918965413917
0.0213020400590556
0.0144700976130372
0.00962499351049724
0.00627244487760751
0.00400692468375477
0.00251046841268828
0.0015434724520888
0.000931695353951178
0.000552469897065913
0.000321980294761874
0.00018452673377013
0.000104044327956179
5.77460647247606e-05
3.15633116711454e-05
1.69982989640322e-05
9.02386495109636e-06
4.72432939932646e-06
2.44027646622124e-06
1.24415491800938e-06
6.26363088717535e-07
3.11507281564596e-07
1.53097842542117e-07
7.43860779386676e-08
3.57431944513936e-08
1.69912818267498e-08
7.99349370646548e-09
3.72277057315441e-09
1.71692525977327e-09
7.84374348678118e-10
3.55065792057992e-10
1.59305094302382e-10
7.08603484560013e-11
3.12566722699821e-11
1.36759299187914e-11
5.93677297766653e-12
2.55755115453527e-12
1.09364312580122e-12
4.6429907235676e-13
1.95740589816303e-13
8.19618046999119e-14
3.40936203269559e-14
1.40911384024403e-14
5.78772383922078e-15
2.3628320500933e-15
9.5894365809331e-16
3.86952593101824e-16
1.55272165482779e-16
6.19676444073643e-17
2.45999343555095e-17
9.71539235899521e-18
3.8177010586237e-18
1.49284387159331e-18
5.80967099087121e-19
2.25042884697353e-19
8.67772277374151e-20
3.33135890836839e-20
1.27338296321438e-20
4.84689734194874e-21
1.83729753800133e-21
6.93662652703013e-22
2.60862200032386e-22
9.77254218753376e-23
3.64733602550963e-23
1.35629090876142e-23
5.02544619506877e-24
1.85556350948904e-24
6.82794579266872e-25
2.50408998106497e-25
9.15349595270861e-26
3.33527661632342e-26
1.21147427935941e-26
4.38695106227569e-27
1.58381900137841e-27
5.70124312667891e-28
2.04635565060994e-28
7.32429329988512e-29
2.6142563738374e-29
9.30577448612171e-30
3.30371174838218e-30
1.16982193551557e-30
4.13168721537141e-31
1.45561536910291e-31
5.11561923888988e-32
1.79350447481705e-32
6.27305540220261e-33
2.18900854587088e-33
7.62122103635888e-34
2.64768370259992e-34
9.16022507883434e-35
3.30833638696268e-35
0
