0
1.54973417143258e-24
1.02915492656869e-23
5.03655978431919e-23
2.15341935464827e-22
8.48597032674765e-22
3.15685553425084e-21
1.12298710341264e-20
3.84968169692246e-20
1.27819186268289e-19
4.12478887972223e-19
1.29698476611549e-18
3.98119634869337e-18
1.19472576879588e-17
3.50910447123098e-17
1.00971445178903e-16
2.84841715250009e-16
7.88287810348872e-16
2.14127723258404e-15
5.71169186269367e-15
1.49668469843916e-14
3.85405181569184e-14
9.75565702771135e-14
2.42807696607091e-13
5.94344318596138e-13
1.43111931948476e-12
3.39046336936221e-12
7.90430239563679e-12
1.81367107895298e-11
4.09644841844526e-11
9.10896260403348e-11
1.99432937145471e-10
4.29973362940016e-10
9.12955467103981e-10
1.90925774321502e-09
3.93302931197566e-09
7.98133681087822e-09
1.59567991780767e-08
3.14319507310403e-08
6.10076204303499e-08
1.16684728136153e-07
2.19932527246809e-07
4.08542482630917e-07
7.47967409897869e-07
1.3497392644318e-06
2.40083150191559e-06
4.20958974709541e-06
7.27620291051452e-06
1.23987079445427e-05
2.08292394720046e-05
3.44995686393159e-05
5.63396736044575e-05
9.07176577333039e-05
0.000144032982127957
0.000225496545437366
0.000348129089854297
0.000530001882802415
0.000795728600181662
0.00117819291457847
0.00172046109159344
0.00247778259499657
0.00351952562254398
0.00493083218460828
0.00681371497427441
0.00928726476228854
0.012486603625327
0.0165602185752128
0.0216653544099411
0.0279612436791305
0.0356001103511656
0.0447160993925062
0.0554125449143317
0.067748272490268
0.0817239049761601
0.0972693672269943
0.114233922902657
0.13238008931666
0.151382637722844
0.170833586917902
0.19025364904238
0.209110022224802
0.226839800283064
0.242877655263619
0.256685920619508
0.267784833191045
0.275780537098958
0.280388543392994
0.281450676031456
0.278944085409403
0.27298161455151
0.263803579291418
0.251761782483701
0.237297237620405
0.220913558948983
0.203148237876996
0.18454405334169
0.165622671040806
0.146862112759023
0.128679280355796
0.11141816578926
0.095343834264416
0.0806417882324263
0.0674219462247237
0.0557262248141451
0.0455385985738378
0.036796520290907
0.0294026889603156
0.0232363268232422
0.0181633378888994
0.0140449404109005
0.0107445714314
0.00813303638012191
0.00609201160628264
0.00451609988951021
0.0033136908254274
0.00240689543547064
0.00173081522796745
0.00123237855054387
0.000868939165807133
0.000606790046316481
0.000419704337987406
0.000287578583992296
0.000195222480164032
0.000131315317169613
8.75316671094073e-05
5.78270583700703e-05
3.78673351843584e-05
2.45820199593815e-05
1.58212485245356e-05
1.00968335094744e-05
6.39000897484829e-06
4.01088116618474e-06
2.49718098911023e-06
1.54234518826644e-06
9.45112471812895e-07
5.74651193543466e-07
3.4673056463791e-07
2.07632117142031e-07
1.23412349069777e-07
7.28166933118128e-08
4.26537840364201e-08
2.48075535899522e-08
1.43269911825417e-08
8.2170340522285e-09
4.68066966723807e-09
2.64835983752981e-09
1.48854760374861e-09
8.31288253913705e-10
4.6024285085091e-10
2.65681696812756e-10
0
