3.21762786026225e-18
2.112913945447e-17
1.01729904282112e-16
4.25786956053731e-16
1.63447772520978e-15
5.89422426935015e-15
2.02268112190422e-14
6.65643278238598e-14
2.11130452776934e-13
6.47671164116833e-13
1.92631909590232e-12
5.56506952214451e-12
1.56383769418261e-11
4.2792593351936e-11
1.14125409692377e-10
2.96853861024936e-10
7.53539051227425e-10
1.86761104358754e-09
4.52134352742888e-09
1.06956309061315e-08
2.47309184152732e-08
5.59100176342988e-08
1.23612278426158e-07
2.67332616094389e-07
5.65648805565248e-07
1.171182291063e-06
2.373317866108e-06
4.70767076032524e-06
9.1418607384258e-06
1.73818606996241e-05
3.23624651320133e-05
5.90088662898036e-05
0.000105382016138909
0.000184344155221351
0.000315895274010147
0.000530325448276417
0.000872287785971052
0.00140580619236866
0.00222007674935883
0.00343569304737567
0.00521062898134465
0.0077449716516186
0.0112830612853876
0.0161114395968426
0.0225509278973862
0.0309413522720495
0.0416179883696127
0.0548797494004399
0.0709504492615689
0.08993600494564
0.111781968726589
0.136236998256494
0.162828456066721
0.190856001577056
0.219407646848341
0.24740033048997
0.273643881845782
0.296923761910878
0.3160947715651
0.330175621929734
0.338433360998798
0.340447406595531
0.33614530327504
0.325805943352498
0.310030267534625
0.289683664170207
0.265817721530051
0.239581127005408
0.21213008876695
0.184547716522261
0.157779641284257
0.132590260974157
0.109540915332722
0.0889885186159765
0.0711010775886396
0.0558852839055814
0.0432210046523401
0.0328978696526305
0.0246500476308122
0.0181864647079042
0.0132149184913575
0.00945960438033863
0.00667239189163875
0.00463872882827856
0.00317932415794293
0.00214881510796871
0.00143252436544446
0.000942223878173604
0.000611597320658731
0.000391873916614325
0.0002479167592463
0.000154900533821129
9.5608248725323e-05
5.83096151975404e-05
3.51473983508441e-05
2.09439692011881e-05
1.23407303232122e-05
7.19185017030686e-06
4.14627988650763e-06
2.3653398136337e-06
1.33549568528065e-06
7.46450186114821e-07
4.13106657036896e-07
2.26421896733373e-07
1.22930475533434e-07
6.6126238388427e-08
3.52490623065637e-08
1.86236731225763e-08
9.75460791997506e-09
5.06596101387606e-09
2.60915828807266e-09
1.33291593640602e-09
6.7552936569001e-10
3.39702271277431e-10
1.69526368985012e-10
8.39712798445827e-11
4.12902384045942e-11
2.01582968773208e-11
9.77271390847396e-12
4.70538203714452e-12
2.25037461764975e-12
1.06919099434801e-12
5.04725329388077e-13
2.36761757275516e-13
1.10377490009409e-13
5.11465587247097e-14
2.3559839406475e-14
1.07894658242554e-14
4.91303281580127e-15
2.22469562187111e-15
1.00186824430953e-15
4.48762278182407e-16
1.99955456921262e-16
8.86350862002174e-17
3.90909985978613e-17
1.71549177325053e-17
7.49173374360283e-18
3.25610090506449e-18
1.40855628771547e-18
6.06525994652986e-19
2.59992352476376e-19
1.10954222149915e-19
4.71448723679632e-20
1.99465073173537e-20
8.40377984875788e-21
3.52605090628346e-21
1.47362047889528e-21
6.12061205009988e-22
2.65692880996847e-22
