0
1.31198764292123e-12
8.47673130153795e-12
3.9866091231826e-11
1.61802228122302e-10
5.97870316376449e-10
2.05955106657095e-09
6.69766087073362e-09
2.0712614246875e-08
6.11920564465872e-08
1.73224259635735e-07
4.70836345038047e-07
1.23059387295939e-06
3.09608228200067e-06
7.50451384497962e-06
1.75359610862866e-05
3.95244537222396e-05
8.5965852115405e-05
0.000180499435070058
0.000365981488357358
0.000716805276172755
0.00135647619195495
0.00248078443944827
0.00438548143449987
0.00749501382648818
0.0123857217705951
0.0197935289456075
0.030593641404713
0.0457396703903021
0.0661534947680184
0.0925660618698106
0.125322768940466
0.164182666770452
0.208154128756966
0.255415459666518
0.303362564296981
0.348805516994297
0.388304383524038
0.418599263768543
0.437060424004224
0.442071327462713
0.433266024940271
0.411571814031209
0.379050647644271
0.338576489272596
0.293418501341976
0.246813379785838
0.201602506407364
0.15998547763217
0.123409700518073
0.0925855733380124
0.0675954156014154
0.0480549178105717
0.03328760857104
0.0224821653113806
0.0148148941947505
0.0095315537269827
0.00599152636945162
0.00368235920935645
0.002214301570696
0.00130369387595583
0.000752050307701565
0.000425354818853749
0.00023603983694074
0.000128599584040665
6.88333125873796e-05
3.6219312204129e-05
1.87471048889005e-05
9.55086757984734e-06
4.79203428199493e-06
2.36925007448387e-06
1.15492191346113e-06
5.5535833087826e-07
2.63567911419162e-07
1.23515501429494e-07
5.71824569858726e-08
2.61644185130754e-08
1.18373036634766e-08
5.29744698738202e-09
2.34597688388326e-09
1.02846132696347e-09
4.46494529580811e-10
1.92025232108497e-10
8.18385587472152e-11
3.45742259525855e-11
1.44834862453096e-11
6.01790780821623e-12
2.48078934960642e-12
1.01489507192327e-12
4.12144285707602e-13
1.66180306636853e-13
6.65445814705184e-14
2.64694637024136e-14
1.04609042290002e-14
4.10840630664956e-15
1.60377097909347e-15
6.22382405745007e-16
2.40157461546791e-16
9.21580568580363e-17
3.51755227368065e-17
1.33563107811839e-17
5.04588203706854e-18
1.89694867319943e-18
7.09745683255308e-19
2.64324263630328e-19
9.79973924903155e-20
3.61733881491833e-20
1.32957528456251e-20
4.86671242962966e-21
1.77421193462728e-21
6.44271071202268e-22
2.3306102136938e-22
8.39946189056749e-23
3.0161674994985e-23
1.07924862355193e-23
3.8484696723617e-24
1.36770443640547e-24
4.84473327244162e-25
1.71062763313471e-25
6.02119189840189e-26
2.1129200819385e-26
7.39245084224952e-27
2.57886558180787e-27
8.97083708098491e-28
3.11192697065397e-28
1.07657733313549e-28
3.71455540777771e-29
1.27832048185445e-29
4.38802068794605e-30
1.50251057321455e-30
5.13227067086847e-31
1.74890891738424e-31
5.94582669709615e-32
2.0168139966482e-32
6.82572029299706e-33
2.30504842911407e-33
7.76747464593083e-34
2.61196040909624e-34
8.76513236869664e-35
2.93543978900945e-35
9.81132908413757e-36
3.27294834781206e-36
1.08974104547696e-36
3.62156321380152e-37
1.20135884936069e-37
3.97803238580899e-38
1.31490930282932e-38
4.33914642628442e-39
1.42680316201873e-39
4.89496305886253e-40
0
