1.85498820155356e-08
1.13878249075548e-07
5.12527576918029e-07
1.98861706797893e-06
7.03550863490959e-06
2.30674355764706e-05
7.05378918605153e-05
0.000201590824570184
0.000538984385903886
0.00134912763017379
0.00316348660439706
0.00695251146222367
0.0143275306464215
0.0276957030279334
0.0502332208791922
0.0855076886094494
0.136624427123891
0.204934157518446
0.288604124790655
0.381613755020062
0.473814677747721
0.552448492726761
0.604956073495179
0.622267894223993
0.60139098702406
0.546270542622339
0.466579403428677
0.374942964186556
0.283693877334788
0.202292504914013
0.136094019145844
0.0864973880633487
0.0520167169311028
0.0296503075404559
0.0160520912568622
0.00827211951028248
0.00406763192138252
0.00191356281937675
0.000863617349438573
0.000374994415610399
0.000157117396795295
6.37076024682571e-05
2.50711185574244e-05
9.60227270717631e-06
3.58864525267895e-06
1.31190799455321e-06
4.70181799993732e-07
1.65538968607073e-07
5.73586215848655e-08
1.95914520232901e-08
6.60585177943502e-09
2.20159168893518e-09
7.26066359498983e-10
2.37178461801168e-10
7.68087184217856e-11
2.4678270550625e-11
7.87194228723321e-12
2.49443761334652e-12
7.8563080163089e-13
2.46051368517255e-13
7.66617731524531e-14
2.37707538297856e-14
7.33781180875486e-15
2.25571148588075e-15
6.9074042114122e-16
2.10751249782922e-16
6.40839130620522e-17
1.94241576327452e-17
5.86992453095606e-18
1.76886958424638e-18
5.31620391012612e-19
1.5937268717011e-19
4.76641107381454e-20
1.42229203484846e-20
4.23502521457082e-21
1.25846087634625e-21
3.7323566499794e-22
1.10490875702291e-22
3.26517864853203e-23
9.63295656569037e-24
2.83737633154444e-24
8.34467489092328e-25
2.45056125099295e-25
7.18641197775618e-26
2.10462236195394e-26
6.15567074425851e-27
1.79819977105022e-27
5.2466583987429e-28
1.52907817442091e-28
4.45140690160826e-29
1.29450353535362e-29
3.76066125429085e-30
1.09143034902284e-30
3.16456235487971e-31
9.16708653017776e-32
2.65315456550027e-32
7.67220427619608e-33
2.21674818771197e-33
6.39974681216434e-34
1.84616506502731e-34
5.32169688040787e-35
1.53289246375632e-35
4.41229783313472e-36
1.26916686200946e-36
3.64822988201559e-37
1.04800571470059e-37
3.00864636413758e-38
8.63201909967031e-39
2.47511165153482e-39
7.09292625582122e-40
2.0314734506944e-40
5.81511691417207e-41
1.66369466542137e-41
4.75732374555424e-42
1.35966370435248e-42
3.88405705621788e-43
1.10899700395598e-43
3.16498019936345e-44
9.02843473105065e-45
2.57430249433566e-45
7.33697397311785e-46
2.09020623666399e-46
5.95223922386962e-47
1.69431775547384e-47
4.82099432180618e-48
1.37122758888889e-48
3.89867821773799e-49
1.10806134532319e-49
3.14812741429976e-50
8.94100394911123e-51
2.53845259866379e-51
7.20449937982258e-52
2.04405995652508e-52
5.7975102050023e-53
1.64380534393924e-53
4.65932544920776e-54
1.32026840480686e-54
3.73999129283323e-55
1.05913349416612e-55
2.99850697171654e-56
8.48664623575544e-57
2.40129860125103e-57
6.79262375733012e-58
1.92093424556475e-58
5.43091730944602e-59
1.53504348716669e-59
4.33794956458611e-60
1.22363061272538e-60
3.59388475622341e-61
