3.1142913106755e-19
2.04952896754879e-18
9.89920206195639e-18
4.16051460833817e-17
1.60530546179272e-16
5.82438924958226e-16
2.01288987531122e-15
6.67777032223253e-15
2.13733536953854e-14
6.62292344684369e-14
1.99180018340555e-13
5.82461326342926e-13
1.65856007455547e-12
4.60386245129824e-12
1.24688974896091e-11
3.29734304608817e-11
8.51906640116104e-11
2.15144988591665e-10
5.31335281350703e-10
1.28370471340343e-09
3.03501403099476e-09
7.02390182489482e-09
1.59157627538149e-08
3.53187483310293e-08
7.67714490042926e-08
1.6348963007505e-07
3.41152873384693e-07
6.97657565591277e-07
1.39839769240542e-06
2.74770471043697e-06
5.29312262811815e-06
9.99779246063297e-06
1.85178604335578e-05
3.36366822877954e-05
5.99251931391175e-05
0.000104716562117232
0.000179499939447538
0.00030184741312207
0.000497982555798141
0.000806068386258176
0.00128022633723454
0.00199518602920178
0.00305130256240542
0.00457946614789014
0.00674518325688064
0.0097508601670166
0.0138351170535343
0.01926786611406
0.0263399693373902
0.0353466118539137
0.04656412183529
0.0602208305283354
0.0764636304651042
0.0953230259300398
0.116680490705148
0.140242635349251
0.165526828710036
0.191862360727354
0.218409923260718
0.244200205915952
0.268189981904205
0.289331542446736
0.306649140285731
0.319314625149646
0.326714003579583
0.328497374804444
0.324606522303371
0.315277115891101
0.301015586012376
0.282553780187476
0.260787031047816
0.23670289435702
0.211308362774374
0.185562830530456
0.160322657060773
0.136301162557823
0.114045651159012
0.093930948961206
0.0761672411777466
0.0608188628370623
0.0478301891298902
0.0370548294734646
0.0282848248134943
0.0212773157421755
0.0157770238193138
0.0115337300270175
0.0083146438622406
0.00591208103224711
0.00414719482531336
0.00287065450215175
0.0019611706176765
0.00132267639039806
0.000880828813824491
0.000579328614443797
0.000376400049389529
0.000241635599226331
0.000153304030421173
9.61439352802042e-05
5.96155321383843e-05
3.65560182953214e-05
2.21723681057041e-05
1.33048444572611e-05
7.90026677688873e-06
4.64297656264343e-06
2.70122852646582e-06
1.55604555555786e-06
8.87695760539972e-07
5.01614621890366e-07
2.80816339522416e-07
1.55776238946664e-07
8.56417951515412e-08
4.66716978646545e-08
2.521626891907e-08
1.35095863072482e-08
7.17811449136918e-09
3.78318377250969e-09
1.9781232588682e-09
1.02628211358782e-09
5.28402473242033e-10
2.70030802036615e-10
1.36986074212379e-10
6.8994904620064e-11
3.45061518556656e-11
1.71385859624516e-11
8.45495028491065e-12
4.14344960946437e-12
2.01736272334498e-12
9.75958933102385e-13
4.69200143745999e-13
2.24189846352196e-13
1.06477021969578e-13
5.02721837577543e-14
2.35982650520439e-14
1.10143859615213e-14
5.11228079837511e-15
2.35987232471552e-15
1.08349234271513e-15
4.94845706654693e-16
2.24834242992767e-16
1.01635369179228e-16
4.57148339775985e-17
2.04615460588562e-17
9.11437719964421e-18
4.04073279635002e-18
1.78309466991671e-18
7.83255219158105e-19
3.42553141932052e-19
1.48819942637675e-19
6.75751946337772e-20
