5.41605540176413e-20
3.56977505728214e-19
1.72802582445875e-18
7.28375648308869e-18
2.82043681248416e-17
1.02766229445725e-16
3.56905276873033e-16
1.19066826342868e-15
3.83490410610937e-15
1.19661300855118e-14
3.62639698691556e-14
1.06937429395355e-13
3.07282944622558e-13
8.61369882108493e-13
2.3576249911438e-12
6.30540284257715e-12
1.64880234942418e-11
4.21759022752164e-11
1.05581904899602e-10
2.58765843359759e-10
6.21095844260158e-10
1.46039106890085e-09
3.36472101943733e-09
7.59795956717364e-09
1.68190580181801e-08
3.65042514095272e-08
7.7695414143775e-08
1.62190079206761e-07
3.32117271174925e-07
6.67195930467108e-07
1.3151105125159e-06
2.54370286092674e-06
4.82848238340662e-06
8.99573832329517e-06
1.64506768337951e-05
2.9531658723186e-05
5.20454758217773e-05
9.00535849311151e-05
0.000152993069028653
0.000255225050559334
0.000418101842134958
0.000672625145249764
0.00106272291967257
0.0016490942300899
0.00251345387411678
0.00376285150728136
0.00553355122117418
0.00799375616698768
0.0113442806161001
0.0158161524323541
0.0216641235316555
0.0291552252534923
0.0385518682879554
0.0500895658811242
0.0639501291565306
0.0802320726659204
0.0989208582079167
0.119862341180061
0.14274319840198
0.167082059693432
0.192234441312802
0.217413376675708
0.241725952088995
0.264223980397917
0.283965062651544
0.300078613741315
0.311830358951785
0.318678561522179
0.320315906446616
0.316692480825397
0.308017447776982
0.294739489998056
0.277508528586465
0.257123246420934
0.234470286173979
0.210461498659797
0.185975279018635
0.161806971112926
0.138631768569141
0.11698176821447
0.0972371097665216
0.0796296886818371
0.0642569043033394
0.051102362342516
0.0400603675702983
0.0309613359396264
0.0235958061800195
0.0177354109757786
0.0131498616201739
0.00961961904137783
0.00694441313652715
0.00494810869858061
0.00348060378044724
0.00241750729213963
0.00165830871990807
0.00112365793661342
0.000752247687395624
0.000497659625817388
0.000325413386498124
0.000210356650767301
0.000134456216388017
8.4995281003824e-05
5.31475102790454e-05
3.28798198697718e-05
2.01287950248743e-05
1.2196369597281e-05
7.31559286985745e-06
4.34465565285514e-06
2.5552169484214e-06
1.48848825183519e-06
8.58985366834524e-07
4.91162492563714e-07
2.78316441135472e-07
1.56315022180033e-07
8.70329024490917e-08
4.80461472178742e-08
2.63024499760241e-08
1.42812190179322e-08
7.69189623982092e-09
4.11023779963035e-09
2.17936975750878e-09
1.14680371508559e-09
5.98968445713113e-10
3.10553686014564e-10
1.59862747570396e-10
8.1713609747805e-11
4.14796916587192e-11
2.09135077552977e-11
1.04742639956466e-11
5.2116982687161e-12
2.57659878909337e-12
1.26583656257775e-12
6.18047935762607e-13
2.99936722560065e-13
1.44693244654245e-13
6.93945085786531e-14
3.3090721692098e-14
1.56904961783254e-14
7.39878535856051e-15
3.46992838525152e-15
1.61867246316419e-15
7.51133158580726e-16
3.4676444230335e-16
1.59276285697322e-16
7.27955961539475e-17
3.31079199543271e-17
1.49870178502736e-17
6.73688505535505e-18
3.16499187071308e-18
