0
4.64112455836941e-29
3.09901194149804e-28
1.52872480382092e-27
6.60429708944971e-27
2.63590762657747e-26
9.95461102573875e-26
3.6031400762865e-25
1.25965752329575e-24
4.2748473081955e-24
1.41316219685486e-23
4.56199385018246e-23
1.44086461229083e-22
4.4588758397165e-22
1.3534971730663e-21
4.03384425032948e-21
1.18124245729944e-20
3.40087598982451e-20
9.63175773505103e-20
2.68460825941092e-19
7.36694814770269e-19
1.99101475445343e-18
5.30117851104819e-18
1.39090504899592e-17
3.59710558663936e-17
9.17133456102816e-17
2.3057889596585e-16
5.71729443186181e-16
1.39834779862646e-15
3.37409541113825e-15
8.03296421695415e-15
1.88723061394091e-14
4.37577708517505e-14
1.00141337329854e-13
2.2622642711401e-13
5.04528842500742e-13
1.11091235425329e-12
2.41524313076878e-12
5.18517252877929e-12
1.0993069938834e-11
2.30175222592189e-11
4.76004131864168e-11
9.72305465877695e-11
1.96182604309777e-10
3.91028724859673e-10
7.69964449084368e-10
1.49785188612829e-09
2.87888660677605e-09
5.46711332311682e-09
1.02586177894021e-08
1.90210923565849e-08
3.48510337050282e-08
6.3102490166582e-08
1.12913082759018e-07
1.99675419661039e-07
3.48981603505668e-07
6.02826686292858e-07
1.02922014670073e-06
1.73685396686259e-06
2.89714613864991e-06
4.77685401569706e-06
7.78556213547776e-06
1.25437096869529e-05
1.99784242754882e-05
3.14562215398646e-05
4.89635071688636e-05
7.53475946444004e-05
0.000114632349463209
0.000172423202010284
0.00025641564030695
0.00037701880892606
0.00054810085224725
0.000787854508449921
0.00111976965154269
0.00157368369380313
0.00218686108791431
0.00300503023890785
0.00408328126913964
0.00548670337441078
0.00729061885921541
0.00958025592711773
0.0124496979546589
0.0159999573620619
0.0203360508777475
0.0255630023959689
0.031780770345663
0.0390781866938584
0.0475260997189541
0.0571700248578619
0.0680227169130153
0.0800571703920891
0.093200619641976
0.107330134360745
0.122270379119897
0.137794021958999
0.153625136755993
0.169445753204273
0.184905479676063
0.199633876653521
0.213255014562801
0.22540343435231
0.235740565589273
0.243970564833781
0.249854529650387
0.253222125426408
0.253979828400218
0.252115225072041
0.247697093914089
0.24087130321278
0.231852860007294
0.220914711658466
0.208374110110586
0.194577482709321
0.17988480417976
0.164654432540527
0.149229266022468
0.133924913801471
0.119020370287688
0.104751462456373
0.0913071232468675
0.078828349598343
0.0674095450722686
0.0571018328316594
0.0479178582067497
0.0398375794503904
0.0328145648736458
0.0267823659140817
0.0216606089755934
0.0173605340686516
0.0137897962088529
0.0108564286232073
0.00847193949217548
0.00655357275932642
0.00502580698688858
0.00382119450980053
0.0028806576855565
0.00215336211064107
0.00159628093649175
0.00117355258072316
0.000855718694225611
0.000618912331621399
0.000444049533805731
0.000316062135982367
0.000223196284377597
0.000156390221908421
0.000108736447608377
7.50269576371586e-05
5.13805142848848e-05
3.48668841991692e-05
2.44908951871566e-05
0
