0
1.93291934066229e-16
1.26385607085531e-15
6.04718953850873e-15
2.51043331271134e-14
9.54000110024614e-14
3.39909770968103e-13
1.15019853243792e-12
3.72493082018048e-12
1.16027432704471e-11
3.48800250105475e-11
1.01442303228102e-10
2.8593268068563e-10
7.82167187112636e-10
2.07866289351514e-09
5.37131543727873e-09
1.35046650896228e-08
3.30549448198425e-08
7.88029038248738e-08
1.83052053772801e-07
4.14460594693986e-07
9.14953057298773e-07
1.96986548210887e-06
4.13712906301815e-06
8.47770313576264e-06
1.69533996729557e-05
3.30909973319209e-05
6.3052969071738e-05
0.000117302158228003
0.000213092438389918
0.000378045156204947
0.000655059394435841
0.00110872282597358
0.00183320550786544
0.0029613021011991
0.00467382645889215
0.00720797714227995
0.0108626529337488
0.0159981320164133
0.0230272198797294
0.0323951320207806
0.0445462036789767
0.0598771222093475
0.0786787155495529
0.101071150783596
0.126940227480255
0.155884649608731
0.187185037787433
0.219804437179383
0.252426936123695
0.283535945407829
0.311527410153337
0.334846861555173
0.352134081357016
0.362356447102737
0.364912517112961
0.359691206524569
0.347078378567778
0.327910604537514
0.303383689617434
0.274929827062554
0.24408083280913
0.212335354668731
0.181045457808543
0.15133334414007
0.124043280260251
0.0997282415719329
0.0786662717797511
0.0608986755923578
0.0462810567840229
0.0345386710798477
0.025319135474214
0.018237686171655
0.0129124101561222
0.00898881931207964
0.00615457917209154
0.00414608513781641
0.00274894936344877
0.00179443962492432
0.00115363782358416
0.000730690171984905
0.000456104299791656
0.000280675965497528
0.000170332791936408
0.000101972635416296
6.02420896324767e-05
3.51304889089653e-05
2.02288338747627e-05
1.15051549718586e-05
6.46515879284573e-06
3.59053097350077e-06
1.97131495676844e-06
1.07027081152683e-06
5.74766499483706e-07
3.05398119042617e-07
1.60595250640671e-07
8.35991717572634e-08
4.30906375151699e-08
2.19979134402061e-08
1.11250221200726e-08
5.57495760138067e-09
2.76886198265234e-09
1.36324902694151e-09
6.65511709003559e-10
3.22205321010803e-10
1.54736786131995e-10
7.37264234360028e-11
3.48581180279502e-11
1.63574634008446e-11
7.6196845382739e-12
3.52405392369851e-12
1.61847474817144e-12
7.38241255276512e-13
3.34494351802126e-13
1.50572074309555e-13
6.73488766840604e-14
2.99371025759909e-14
1.32264720961485e-14
5.80888379874637e-15
2.53637581843726e-15
1.1011916625806e-15
4.75439367684657e-16
2.04156503689136e-16
8.7200417804749e-17
3.70519534768399e-17
1.56635194850012e-17
6.58871016577956e-18
2.757973172034e-18
1.14895422491075e-18
4.76410899465035e-19
1.9663866962885e-19
8.07988667087509e-20
3.30544857904369e-20
1.34642735375639e-20
5.46135437098606e-21
2.20606953149837e-21
8.87513451004052e-22
3.5563306817069e-22
1.41949667412389e-22
5.6442257318062e-23
2.23585662512889e-23
8.82437779247165e-24
3.47020368788832e-24
1.35983416233983e-24
5.31013593708816e-25
2.06653131272496e-25
8.01530917001136e-26
3.09891199798887e-26
1.19172446324039e-26
4.78827404814206e-27
0
