0
1.50546623366258e-26
1.00239446863945e-25
4.92440616015345e-25
2.11600001189885e-24
8.38978324477812e-24
3.14378610586239e-23
1.12772349969904e-22
3.90263518406648e-22
1.30950322753534e-21
4.27522757174647e-21
1.36146759189276e-20
4.23709218852299e-20
1.29053852201714e-19
3.85135906586292e-19
1.12719257775941e-18
3.23781766766516e-18
9.13378880879863e-18
2.53177619239776e-17
6.89879387005982e-17
1.84869499900312e-16
4.87360599703256e-16
1.26432708740279e-15
3.22855550168986e-15
8.11708861613425e-15
2.00968700892428e-14
4.90090849022781e-14
1.17739185320483e-13
2.78696374666944e-13
6.50086723233904e-13
1.4945131268175e-12
3.38665506105787e-12
7.56546088175243e-12
1.66624902781017e-11
3.61849760324756e-11
7.74892541770535e-11
1.63650707720923e-10
3.40873784741756e-10
7.0032980680305e-10
1.41930903932629e-09
2.83757246240286e-09
5.59681868812469e-09
1.08914810600001e-08
2.09126856323076e-08
3.96218073754751e-08
7.40770344703886e-08
1.36672086118146e-07
2.4885365934219e-07
4.47194309150211e-07
7.9315062117475e-07
1.38848280394067e-06
2.39920990507674e-06
4.09218825366713e-06
6.88999005643473e-06
1.14517689899177e-05
1.87902392476839e-05
3.04377105470042e-05
4.8677164796397e-05
7.68573470879601e-05
0.00011981331912533
0.000184415230361411
0.000280267332402445
0.000420575437765529
0.000623192927817793
0.000911841881028716
0.00131748596551472
0.00187980493567831
0.00264868718968005
0.00368561828138603
0.00506480230954333
0.00687381402793024
0.00921354811573928
0.0121972152663941
0.0159481400726928
0.0205961501489716
0.0262724149136228
0.0331026983016533
0.0411991303951648
0.050650771235845
0.0615134228800556
0.073799324727616
0.0874675200192247
0.1024157842703
0.118475036909992
0.135407098165518
0.152906495357646
0.17060676850077
0.188091389295638
0.204909017491613
0.22059241160542
0.234679930781948
0.24673825575997
0.256384759021073
0.26330789608969
0.267284085219067
0.268189787166263
0.266007868379258
0.260827792219861
0.252839685609224
0.24232281994181
0.229629474730463
0.215165478236151
0.199368912815378
0.18268852178425
0.16556326404255
0.148404252422106
0.131580013069765
0.115405654107532
0.100136171686191
0.0859637862939225
0.0730189205076843
0.0613742203987831
0.051050895224787
0.0420266027510005
0.0342441313649088
0.0276202102544718
0.0220538975390013
0.0174341351736816
0.0136462021639094
0.0105769307089414
0.00811866381848948
0.0061720222118033
0.00464761108508793
0.00346683475941802
0.00256200254508108
0.00187590685442352
0.00136103958074037
0.000978589773617045
0.000697338813027461
0.000492541902095351
0.000344859126806961
0.000239377059210985
0.000164743646922835
0.000112425088507101
7.60832818839878e-05
5.10657391840724e-05
3.39959543409305e-05
2.24504367595071e-05
1.47083802668036e-05
9.56070186398915e-06
6.16654264479281e-06
3.94695957142256e-06
2.507230597281e-06
1.58080375834434e-06
9.89361132747723e-07
6.14703692201941e-07
3.79183804677849e-07
2.32265887323849e-07
1.40993786051984e-07
8.90130435661009e-08
0
