0
3.33645868432089e-17
2.18575237161445e-16
1.04874208624908e-15
4.36968893379605e-15
1.66806796607818e-14
5.97548951359302e-14
2.03477287266281e-13
6.63732398169594e-13
2.08437879675225e-12
6.32346511450392e-12
1.85777398602499e-11
5.29514081445461e-11
1.46625146075064e-10
3.94868958732127e-10
1.03510206710552e-09
2.64302272429356e-09
6.57741713628203e-09
1.59608367065745e-08
3.77815287992852e-08
8.72730730080076e-08
1.96784784330413e-07
4.3324243483379e-07
9.31543858572533e-07
1.95660047605121e-06
4.01524410407853e-06
8.05210034425142e-06
1.57820498097802e-05
3.0236963375365e-05
5.66358783827588e-05
0.000103723509941366
0.000185756485221473
0.000325339848537099
0.000557312594942875
0.000933829333323945
0.00153066161733904
0.00245452477741886
0.00385091181354437
0.00591149295510476
0.00887965711817203
0.0130523084731067
0.0187757066564666
0.0264331005826441
0.0364223034853994
0.0491223028306211
0.0648495188855893
0.0838063155378486
0.10602656778221
0.131325100963616
0.159259150307715
0.189110171886175
0.219893032832975
0.250396742938982
0.279256722348405
0.305053732531121
0.326429885795387
0.342208534185917
0.351503135712582
0.35380088560352
0.349009992590873
0.337464485444978
0.319886458896672
0.297311608761935
0.270988700650406
0.242266472965408
0.212482028481443
0.18286312905002
0.154453490907995
0.128065952921863
0.104264088175056
0.083369166141839
0.0654868244574794
0.0505465631138836
0.0383471497198673
0.0286019485523557
0.0209796881030875
0.0151378877391527
0.0107477660952586
0.00751074757527388
0.00516757437159734
0.00350151821672754
0.00233733088494591
0.00153746954807539
0.000996881967188536
0.000637323549370536
0.000401867425048382
0.000249999480877628
0.00015348104840871
9.30153162075352e-05
5.56623571499085e-05
3.29001574635367e-05
1.92124959605691e-05
1.10875964367905e-05
6.32521526996217e-06
3.56789411646839e-06
1.99048876789269e-06
1.09857284437116e-06
5.99966997460021e-07
3.2431049823869e-07
1.73553463629548e-07
9.19698297661941e-08
4.82720978678923e-08
2.51004909288722e-08
1.29329547085596e-08
6.60442089736787e-09
3.34335766001212e-09
1.67814485675963e-09
8.35333188468292e-10
4.12436105034587e-10
2.02023116219277e-10
9.81909748090544e-11
4.73636071474955e-11
2.26775006358823e-11
1.07794187400259e-11
5.08763318576361e-12
2.3846528850564e-12
1.11017194391547e-12
5.13423757404137e-13
2.35909521641387e-13
1.07711035706349e-13
4.88742263016501e-14
2.20425912661081e-14
9.88245759187301e-15
4.40495807728316e-15
1.95229997800115e-15
8.60461108759386e-16
3.77178061121746e-16
1.64452794503429e-16
7.1328580799119e-17
3.07793848101728e-17
1.32152562626432e-17
5.64617840355293e-18
2.40071067458665e-18
1.01595152436423e-18
4.27951631135289e-19
1.79450405084617e-19
7.49136106862487e-20
3.11373036997048e-20
1.28867004533287e-20
5.31102615333469e-21
2.17984550264083e-21
8.91081136997837e-22
3.62815535448662e-22
1.47151119521555e-22
5.94540575228814e-23
2.39315110255187e-23
9.59747733034613e-24
3.83543709592019e-24
1.52402773037314e-24
6.32822888701311e-25
0
