0
2.60480938728828e-29
1.73975782623318e-28
8.58536689688035e-28
3.71082140730023e-27
1.48195960987825e-26
5.60068450040839e-26
2.02887700118114e-25
7.09955761135317e-25
2.41184593429485e-24
7.98208935213377e-24
2.58000161068085e-23
8.15969535617097e-23
2.52875156489681e-22
7.68798413649929e-22
2.29505317671223e-21
6.73248210590326e-21
1.9419293084659e-20
5.51059481599265e-20
1.53910391934416e-19
4.23265102892347e-19
1.14651793661048e-18
3.05987717409407e-18
8.04818367338362e-18
2.08672890350484e-17
5.33459475379406e-17
1.34489410346219e-16
3.34427744245506e-16
8.20377436649944e-16
1.98557441445085e-15
4.74218479474223e-15
1.11775072666223e-14
2.60037525821043e-14
5.97170791977559e-14
1.35386798630784e-13
3.03047186914191e-13
6.69790194072306e-13
1.46183387034728e-12
3.15080837227491e-12
6.70722412545853e-12
1.41023301795101e-11
2.92883521953182e-11
6.00872438028543e-11
1.21780801413871e-10
2.43842393229141e-10
4.82388441406902e-10
9.42896931261318e-10
1.82109465322639e-09
3.47553876434392e-09
6.55469549566843e-09
1.2216372497463e-08
2.25013807283171e-08
4.09609731946563e-08
7.36956568397532e-08
1.31050811597426e-07
2.30344986700307e-07
4.00196684735388e-07
6.87286427269155e-07
1.16676923732144e-06
1.95806888560365e-06
3.2484722972147e-06
5.32783239647888e-06
8.63880570429613e-06
1.3848407367237e-05
2.19482444010978e-05
3.43925297374699e-05
5.32847686126285e-05
8.16256519696031e-05
0.000123635903489129
0.000185168219685374
0.000274221526454785
0.000401567976588359
0.000581497813192464
0.00083267882981108
0.00117911519685287
0.00165117466954027
0.00228663380895855
0.00313166853607543
0.00424169346457089
0.0056819301303394
0.00752756430074223
0.00986333947412141
0.0127824313078263
0.0163844598519037
0.0207725263742908
0.0260492113363939
0.0323115400172214
0.0396450103477022
0.0481168789527768
0.0577690086726607
0.0686106839334809
0.0806118874970815
0.0936975909584687
0.107743630333428
0.122574708104816
0.137964979127723
0.153641540111831
0.169290957376936
0.184568747731785
0.199111490551955
0.212551017129082
0.224529919393123
0.2347174663386
0.242824931257303
0.248619328288001
0.251934636926771
0.252679753266495
0.250842633575082
0.246490368922445
0.239765223569479
0.230876957375421
0.220092007309237
0.207720303039956
0.194100620670207
0.179585428946031
0.164526154000235
0.149259689876464
0.134096827044251
0.119313078393115
0.10514217219069
0.0917722741220998
0.0793448131847638
0.0679556322481532
0.0576580719599384
0.0484675297605158
0.0403670127473015
0.0333132188792105
0.0272427277243881
0.0220779503882763
0.0177325689107205
0.0141162795081757
0.0111387342150055
0.00871264625564401
0.0067560823554198
0.00519400855734421
0.00395918495234149
0.00299252028369768
0.00224300170815805
0.00166731057006816
0.00122922444675476
0.000898891361592611
0.000652046004690829
0.000469221686623115
0.000334996758602739
0.000237301113242541
0.000166797531534877
0.000116343798620163
8.05417350841684e-05
5.52506806838349e-05
3.92085419073576e-05
0
