3.47335819330492e-16
2.26956378998843e-15
1.08486910990531e-14
4.49800014959572e-14
1.70661197923068e-13
6.06919977824209e-13
2.04920213769324e-12
6.61961895631966e-12
2.0560434439742e-11
6.16104559982957e-11
1.78544798003776e-10
5.01282131264292e-10
1.36535002217645e-09
3.61148929469872e-09
9.28473193425495e-09
2.32158582504938e-08
5.64901835851313e-08
1.33824570797419e-07
3.08777185769288e-07
6.94143694494878e-07
1.52082067503904e-06
3.24822024079376e-06
6.76477838223278e-06
1.37402162672641e-05
2.72237337010626e-05
5.26247900009662e-05
9.92634262440559e-05
0.000182728360818406
0.000328319542047833
0.000575854923156912
0.000986057519742389
0.00164857106224453
0.0026913453595947
0.00429066539573721
0.00668048331743895
0.010159013251739
0.0150898934904294
0.0218948017707098
0.0310344623946975
0.042975737668523
0.0581441008176689
0.0768632324288624
0.0992865279574939
0.125328457538828
0.154606282497516
0.186403827750495
0.219668172347482
0.253046919124488
0.284968312290093
0.313759635126882
0.337792271473491
0.355636029831854
0.366202176210737
0.368854997953349
0.36347578132179
0.350470158974638
0.330718505752042
0.305477699812225
0.276249441424082
0.244634204636586
0.212190272679225
0.180314438981966
0.150155745172534
0.122567338362007
0.0980954545715108
0.0769997070940081
0.0592958768827286
0.0448113896479882
0.0332443451921226
0.0242188135992169
0.017331525097395
0.0121875128371952
0.00842432918250417
0.00572593753033992
0.00382823978404798
0.00251851081289025
0.0016309170348984
0.00103995460697352
0.000653193724589773
0.000404263534741512
0.000246621423417074
0.000148350157686185
8.80200994813083e-05
5.1529517750048e-05
2.97750379984491e-05
1.69867365050695e-05
9.57118847370025e-06
5.32787978328871e-06
2.9309421682409e-06
1.59387127830788e-06
8.57074234310874e-07
4.55854214361974e-07
2.39881115029157e-07
1.24924019897851e-07
6.44006049570974e-08
3.28730036082264e-08
1.66189150980548e-08
8.32310300090824e-09
4.13037777804818e-09
2.03149577979555e-09
9.90514060183535e-10
4.7887052338081e-10
2.29604168174503e-10
1.09202968454949e-10
5.15309740475406e-11
2.41304364710233e-11
1.12151771547937e-11
5.17451968560312e-12
2.3704639835075e-12
1.07837616400667e-12
4.87251039476493e-13
2.18700949576388e-13
9.75285349124768e-14
4.32176931533809e-14
1.90328604434026e-14
8.33145768837808e-15
3.62553729797603e-15
1.56861526831579e-15
6.748537571449e-16
2.88739963740614e-16
1.22874376554148e-16
5.20145208039184e-17
2.19051812388732e-17
9.17860627726485e-18
3.82702698062448e-18
1.58798751742406e-18
6.5580992256664e-19
2.69586105326784e-19
1.10318334178923e-19
4.49437605765372e-20
1.82306578883992e-20
7.36351329944605e-21
2.96179580007711e-21
1.18644855519861e-21
4.73371297765878e-22
1.88125910960228e-22
7.44770601785731e-23
2.93735385796265e-23
1.15420135694825e-23
4.51886476495678e-24
1.76290787248274e-24
6.85348800302295e-25
2.65524102381466e-25
1.02526050720328e-25
3.94575023083592e-26
1.51361180002831e-26
5.78837210197174e-27
2.2020569882938e-27
8.75201119011334e-28
