0
4.95180008705728e-10
3.15369899865422e-09
1.45719360409875e-08
5.78661144455155e-08
2.08419615931103e-07
6.96376256519155e-07
2.1828666198647e-06
6.45679083476564e-06
1.80811635845341e-05
4.80275079588233e-05
0.000121157064097923
0.000290528198851103
0.00066268621853551
0.00143864206187903
0.00297391804368163
0.00585614425602211
0.0109887784662585
0.0196547151852614
0.0335172107117614
0.0545053292409692
0.0845378715588284
0.125073223906116
0.176534286189754
0.237734173276867
0.305490100888628
0.374622567170572
0.438467873930994
0.489887676163516
0.522582363559864
0.53237616536671
0.518108128666819
0.481862551482814
0.428474277976881
0.364469682922899
0.296763660340539
0.231469419802806
0.173091380991575
0.124212645357331
0.0856283217267433
0.0567706257325965
0.0362422452465387
0.0223077040890469
0.0132566432942646
0.00761663517327341
0.00423711964680272
0.00228555729744829
0.00119719684336293
0.000609853911352263
0.000302551046586458
0.000146384867799985
6.91691967409278e-05
3.19610950731543e-05
1.44601505007129e-05
6.41343737581254e-06
2.79173441711465e-06
1.19397164265303e-06
5.0222138007325e-07
2.07967639267947e-07
8.48570634947441e-08
3.41459580020667e-08
1.3561047918862e-08
5.31949985610877e-09
2.06239354785893e-09
7.90815121272593e-10
3.00083245237856e-10
1.12749595582031e-10
4.19683054260259e-11
1.5483622968368e-11
5.66455560650357e-12
2.05582194163512e-12
7.40463579766573e-13
2.64777684923678e-13
9.40305658610968e-14
3.31747454039142e-14
1.1631319993944e-14
4.05375026609744e-15
1.40477781334915e-15
4.84161167060472e-16
1.6599934289513e-16
5.66308703542917e-17
1.92274307195176e-17
6.49824196069885e-18
2.18654128402118e-18
7.32626640555082e-19
2.44479683265877e-19
8.12654178097091e-20
2.69113773352707e-20
8.87961300630833e-21
2.91969659965937e-21
9.56800980701272e-22
3.12534195605813e-22
1.01768821386796e-22
3.3038475867491e-23
1.06944341897159e-23
3.45199780375096e-24
1.11121583652127e-24
3.56763135438997e-25
1.14248840842005e-25
3.64963032455075e-26
1.16306658005066e-26
3.69786282134887e-27
1.17305404937005e-27
3.71308951723971e-28
1.17281873836703e-28
3.69684447176697e-29
1.16295223896343e-29
3.65130021848411e-30
1.14422575437389e-30
3.5791261239423e-31
1.1175451836177e-31
3.48334769235859e-32
1.08390754077221e-32
3.36721297796735e-33
1.04436041188451e-33
3.23407071928953e-34
9.9996567075561e-35
3.08726333348889e-35
9.51768228871805e-36
2.93003657953505e-36
9.00770203461005e-37
2.76546656166608e-37
8.47910561350406e-38
2.59640382081325e-38
7.94050038457977e-39
2.42543355326626e-39
7.39960943608596e-40
2.25485049101525e-40
6.86321325521228e-41
2.08664665570539e-41
6.3371290557757e-42
1.92251003144514e-42
5.82622147509484e-43
1.763832162105e-43
5.33443839306388e-44
1.61172273772916e-44
4.86486593676493e-45
1.46702936564452e-45
4.41979723317765e-46
1.3303609011331e-46
4.00081009127607e-47
1.20211292000262e-47
3.6088494752193e-48
1.08249413478739e-48
3.24431131405903e-49
9.71552867412163e-50
2.90711785243503e-50
8.69255895304632e-51
2.59277371737862e-51
8.05882891713422e-52
0
