0
1.48822484865644e-27
9.9209462295691e-27
4.88224247353871e-26
2.10261874964384e-25
8.35985079214474e-25
3.14284715945503e-24
1.13164894889866e-23
3.93296071570382e-23
1.32596620513607e-22
4.35170459565967e-22
1.39376832456006e-21
4.36457758598532e-21
1.33826941326523e-20
4.02245940112906e-20
1.18628047920918e-19
3.43526014255318e-19
9.77422897070774e-19
2.73393067999536e-18
7.52094502535778e-18
2.03567333799749e-17
5.423048094594e-17
1.42235980735622e-16
3.67385639197193e-16
9.3472771826175e-16
2.34310262938174e-15
5.78794998672956e-15
1.40916490239924e-14
3.38198848569925e-14
8.00238748054239e-14
1.86708031555163e-13
4.29592580889385e-13
9.74880380328752e-13
2.18219525236236e-12
4.81867239268644e-12
1.04976888563641e-11
2.25647711812361e-11
4.78602814199798e-11
1.00175304950313e-10
2.06928030279873e-10
4.21872825351408e-10
8.48938217055073e-10
1.68628180002733e-09
3.30650812594673e-09
6.40057451800365e-09
1.22321159918651e-08
2.3080207919832e-08
4.29986196516735e-08
7.90981231496337e-08
1.43679228962206e-07
2.57724889112711e-07
4.56531666089484e-07
7.9864628754351e-07
1.37982248307142e-06
2.35446699089875e-06
3.96805335295484e-06
6.60529451459871e-06
1.08605144156436e-05
1.76386511240077e-05
2.82976182017074e-05
4.48452325331331e-05
7.0206370030029e-05
0.000108578089937995
0.000165891675827705
0.000250400216651181
0.000373407685817482
0.000550149559787655
0.000800824928141795
0.00115176498950205
0.00163670232159157
0.00229807941810601
0.00318830453844126
0.00437082975445531
0.00592089318139373
0.00792573889177684
0.0104841090761011
0.0137047993898549
0.017704085852832
0.0226018750199569
0.0285165014413388
0.0355581978186302
0.0438213901457413
0.0533761146122569
0.0642590029608406
0.0764644224696427
0.0899364676013255
0.104562564132922
0.120169446933985
0.136522197987804
0.153326877478503
0.170237052517706
0.186864239795052
0.202791953668138
0.217592720660888
0.230847119621063
0.242163668287825
0.251198231456092
0.257671594199594
0.261383934643495
0.262225139805208
0.260180216755203
0.255329429934451
0.247843206058291
0.237972249455656
0.226033663471605
0.212394144672242
0.197451483173488
0.181615654017227
0.165290723616043
0.148858636110564
0.132665710433147
0.117012399004583
0.102146564130278
0.0882602472063684
0.0754896627410775
0.0639179609007686
0.0535801778637361
0.0444697340424179
0.0365458408962833
0.0297412273116586
0.0239696830856923
0.0191330256066181
0.0151272127416144
0.0118474385713213
0.00919215006319496
0.00706600625597799
0.00538186421789852
0.00406191769609334
0.0030381367239554
0.00225216253775577
0.0016548056894627
0.00120528007664137
0.000870285311875533
0.000623027446940942
0.000442245894760502
0.000311294094339353
0.000217304030748651
0.000150450600082959
0.000103321028022969
7.03868527974243e-05
4.75709404792777e-05
3.18991080638385e-05
2.1224677597757e-05
1.4014204412218e-05
9.18331439811464e-06
5.97272998776852e-06
3.85590109716525e-06
2.47133337511889e-06
1.56955121796559e-06
1.03497352026004e-06
0
