5.14640539330638e-22
3.4044728491687e-21
1.65678597768979e-20
7.03206570946748e-20
2.74631023692201e-19
1.01083001141823e-18
3.55190796958597e-18
1.2007914419672e-17
3.92544625591971e-17
1.24520198517002e-16
3.84248445688318e-16
1.15563939493258e-15
3.3923322679876e-15
9.7304944678834e-15
2.72979206313458e-14
7.495621703047e-14
2.01576279516229e-13
5.31193096444112e-13
1.37227333266456e-12
3.47673190106695e-12
8.64151084408085e-12
2.10777322992565e-11
5.0464623976115e-11
1.18626084268835e-10
2.73838267091912e-10
6.20884699546218e-10
1.38294619938854e-09
3.02653227782911e-09
6.50869040645519e-09
1.37564970691549e-08
2.85786270379731e-08
5.83638000878658e-08
1.17181874479647e-07
2.31331544874743e-07
4.490625577478e-07
8.57262577024239e-07
1.60950019027334e-06
2.97215402077168e-06
5.39865647078225e-06
9.64635749601443e-06
1.6956327442219e-05
2.93235795628873e-05
4.98934428101925e-05
8.35284676304628e-05
0.000137598016720638
0.000223047539519458
0.000355803573667337
0.000558560093153541
0.000862967757244469
0.00131220579807211
0.00196385358779188
0.00289289442340799
0.00419458045687298
0.00598677266835688
0.00841125696657291
0.0116334465903669
0.0158398365469834
0.0212326045313528
0.0280208790126382
0.0364084353576774
0.0465779372614817
0.0586722961243246
0.072774235446032
0.0888856587995003
0.106908849672475
0.126631793936567
0.147719932864285
0.169716371825642
0.19205197062235
0.214065857867815
0.235035826979243
0.254216912571929
0.270885368717407
0.284384434452468
0.294167814361925
0.299836812501476
0.301167559871689
0.298125719382905
0.290867320603651
0.279725802966561
0.265186741423943
0.247852911901238
0.22840318113481
0.20754909029621
0.185992925834699
0.16439058168524
0.143321714718688
0.123268712722077
0.104604972708201
0.0875920550213187
0.0723845332749156
0.0590408594755812
0.0475383239684502
0.0377901907406744
0.0296632830266312
0.0229946201411342
0.0176060989737541
0.0133166140241936
0.00995137253734138
0.00734845634301445
0.00536289531675367
0.00386864828770892
0.0027589448956594
0.00194544137664169
0.00135660181109297
0.00093565067219836
0.000638366753600227
0.000430913491736624
0.000287833473685572
0.000190279424890768
0.000124511492326778
8.06606305895451e-05
5.17387002505365e-05
3.28653236932626e-05
2.06773622491477e-05
1.28870349330671e-05
7.95750275977729e-06
4.86890379409133e-06
2.95243425782555e-06
1.77454613640087e-06
1.05734089723773e-06
6.24633630020956e-07
3.65914351094099e-07
2.12587453581486e-07
1.22506595030385e-07
7.00331519781127e-08
3.97217254688004e-08
2.23557770019032e-08
1.24866170641688e-08
6.92226828585469e-09
3.80938645307455e-09
2.08122043221092e-09
1.12899013511028e-09
6.08167087427108e-10
3.25362253570903e-10
1.72891166855128e-10
9.12617590326452e-11
4.78589738286254e-11
2.49369706671957e-11
1.2911483632088e-11
6.64364260351143e-12
3.39765042246269e-12
1.72717865212166e-12
8.72820513606198e-13
4.38514543144238e-13
2.19055219352431e-13
1.08823282993915e-13
5.36399116692635e-14
2.76170280543824e-14
