0
7.73343969484203e-12
4.98184966832656e-11
2.33251158189061e-10
9.41366137879075e-10
3.45419521954614e-09
1.17993566518361e-08
3.79875875940023e-08
1.16086913641107e-07
3.38200060816216e-07
9.4195972793312e-07
2.51292600176245e-06
6.42973694066778e-06
1.57942047454715e-05
3.72752143706942e-05
8.457104999691e-05
0.000184551815145803
0.000387518493691107
0.000783250669687557
0.00152433057915776
0.00285723409187345
0.00515945500710612
0.008977244227454
0.0150536496930028
0.0243314814498097
0.0379125800355751
0.0569559931416521
0.0825058776692978
0.115256191884974
0.15528171726916
0.201788241499153
0.252950508829362
0.305905996451274
0.356950156053112
0.401935748712079
0.436824938119547
0.458293981838094
0.464263914600191
0.454238111834307
0.429369578529161
0.392245551160394
0.346444590504373
0.295971073795448
0.244690118724252
0.195870267321638
0.151900670126832
0.11419951923616
0.0832866855776381
0.0589663651416552
0.0405580406763794
0.0271227213621757
0.0176491709931545
0.0111843302789006
0.00690806654529635
0.00416230659070286
0.00244858065170704
0.00140756582158016
0.000791344312069995
0.000435480567622693
0.000234766737838209
0.000124085015343163
6.43515439484305e-05
3.27708543789448e-05
1.63993908044549e-05
8.07030546255093e-06
3.90817913640567e-06
1.86367276967955e-06
8.75694266961853e-07
4.05684509225982e-07
1.85409266123656e-07
8.3641987944419e-08
3.7264818597353e-08
1.64050148655543e-08
7.13950461314306e-09
3.07308302300063e-09
1.30884023178618e-09
5.51807114536839e-10
2.30382604965229e-10
9.52881372085075e-11
3.90581619049538e-11
1.58715019429914e-11
6.39587162684922e-12
2.55677377457574e-12
1.0142022733499e-12
3.99318340737069e-13
1.56096505516076e-13
6.05979112116978e-14
2.3367849234163e-14
8.95318468468757e-15
3.40902714985357e-15
1.2902368710486e-15
4.85492199878497e-16
1.8165721419822e-16
6.76021678253955e-17
2.50254907044938e-17
9.21704342168183e-18
3.3779838029564e-18
1.23210353401596e-18
4.4732636346884e-19
1.61677897210089e-19
5.81814190842219e-20
2.08488282201347e-20
7.44040430347609e-21
2.64472557810818e-21
9.36447532766718e-22
3.30333490433976e-22
1.16100412340891e-22
4.06603204173919e-23
1.41907673313219e-23
4.93605003737082e-24
1.71131837475445e-24
5.91421597083185e-25
2.03758046522813e-25
6.99871577782244e-26
2.396853264558e-26
8.18495553404955e-27
2.78723836867272e-27
9.46552757278918e-28
3.20595498940528e-28
1.08302839974349e-28
3.6493799161739e-29
1.22665144343368e-29
4.11311930690806e-30
1.37592196230901e-30
4.59210890752918e-31
1.5291467963026e-31
5.08073803233446e-32
1.68448186431946e-32
5.57299170643673e-33
1.83997926057324e-33
6.06260480208523e-34
1.99363713686593e-34
6.54322179282783e-35
2.14345036246911e-35
7.00855587978152e-36
2.28746004332291e-36
7.45254167133231e-37
2.42380015799008e-37
7.86947626715422e-38
2.55073981065208e-38
8.25414444783962e-39
2.66671989133698e-39
8.60192463848226e-40
2.77038325091999e-40
8.90887329461117e-41
2.86059814804508e-41
9.17176099452975e-42
2.93667333332745e-42
9.37255004563768e-43
3.11983513826209e-43
0
