2.65364872328402e-27
1.76848714468802e-26
8.69931323050417e-26
3.74444337560393e-25
1.48775648771383e-24
5.58868512607218e-24
2.01047383698154e-23
6.97998603869305e-23
2.35052077768709e-22
7.70436069530709e-22
2.46412391988908e-21
7.70474674076193e-21
2.35859581651112e-20
7.07693526397273e-20
2.08321632434475e-19
6.02074118685778e-19
1.70948825259248e-18
4.77105420364455e-18
1.30946067771693e-17
3.53566636057411e-17
9.39506338406303e-17
2.45758592333658e-16
6.33015414758489e-16
1.60590544707774e-15
4.01345827270791e-15
9.88313289485938e-15
2.39841276866448e-14
5.73688687853982e-14
1.35274391224409e-13
3.14485519113143e-13
7.20917968153899e-13
1.62975233883765e-12
3.6337485414316e-12
7.99152050178324e-12
1.73374904329348e-11
3.71076759503443e-11
7.83606642938202e-11
1.63276364432502e-10
3.35715580484324e-10
6.81197389195559e-10
1.36413222282233e-09
2.69618188910546e-09
5.25989351163314e-09
1.01289467315212e-08
1.92546005879434e-08
3.61334833128521e-08
6.69439574421413e-08
1.22450154178135e-07
2.21142867759594e-07
3.94339761076748e-07
6.94336199838924e-07
1.20722292779856e-06
2.07271543654277e-06
3.51432464957466e-06
5.88449092735752e-06
9.73094447782887e-06
1.58925611246659e-05
2.56353239683341e-05
4.08415787714762e-05
6.42683830522567e-05
9.98930632203842e-05
0.000153365619652521
0.000232587692799556
0.000348435596159481
0.000515639483362636
0.000753821059207106
0.00108867748236277
0.00155327864772811
0.00218941881464315
0.00304893228468734
0.00419484827874024
0.00570222526984257
0.00765847400089488
0.0101629565723571
0.0133256423798149
0.0172646164697655
0.0221022774405888
0.0279601338904204
0.0349522112225975
0.0431772110838087
0.0527097160192766
0.0635908896406744
0.0758192712373755
0.08934238417094
0.104049949846701
0.119769505872454
0.136265155402527
0.153240019367514
0.170342728547544
0.187177992874021
0.203320945397793
0.218334610304215
0.231789524852364
0.243284290841781
0.252465674062256
0.259046832799363
0.262822348768202
0.263678951162819
0.261601147674856
0.256671373778538
0.249064703132489
0.239038583842403
0.226918435622429
0.213080226552572
0.197931321019874
0.181890941705808
0.165371521101855
0.148762047464569
0.132414261516422
0.116632264600312
0.101665789149483
0.0877070887453361
0.074891152765876
0.063298757177881
0.0529617374341892
0.0438698125412477
0.0359782950090288
0.0292160782917169
0.0234933871729739
0.0187088921348943
0.0147559117563572
0.0115275455206217
0.008920684003335
0.00683892849339311
0.00519451504896709
0.00390937886081503
0.00291551565274357
0.00215480106480804
0.00157842053747455
0.00114604520913557
0.000824867468334972
0.000588586164562505
0.000416408438884528
0.000292114302461481
0.000203212405781387
0.000140201285975804
9.59397175434588e-05
6.51223056597006e-05
4.38516729587505e-05
2.92959584177578e-05
1.94193355711733e-05
1.27733838438663e-05
8.33800534028074e-06
5.40184937238048e-06
3.47365121663165e-06
2.21733350916202e-06
1.40524270405e-06
8.82505908769247e-07
5.75688570812097e-07
