9.9800809077978e-09
6.25675647364985e-08
2.82592562715825e-07
1.10364483166137e-06
3.91390731436268e-06
1.28673509460799e-05
3.95037199827903e-05
0.00011360712074921
0.000306484372637242
0.000776298947396137
0.00184742789168791
0.00413311124029277
0.00869706562755982
0.0172200426109164
0.0320928794715168
0.0563136505215901
0.093055204542013
0.144830208329224
0.212334941584122
0.293270335454096
0.381622466919972
0.467901593023117
0.540597059890953
0.58864170543578
0.604185356960214
0.584719018692434
0.533751477220645
0.459782234944939
0.373981765062768
0.287450353445526
0.208973089405869
0.143850507915212
0.0938828049830791
0.0581779576738242
0.034289172771118
0.0192571468787909
0.0103264338498132
0.0052989295907786
0.00260806841852164
0.00123424329446168
0.000563014985971532
0.000248184348827783
0.000105987838355442
4.39576303050988e-05
1.77476567647462e-05
6.99130733291175e-06
2.69283300437287e-06
1.01613638202708e-06
3.76336124723003e-07
1.37025839029599e-07
4.91231663810037e-08
1.73627649537015e-08
6.0580432522714e-09
2.08883871854403e-09
7.12468092953459e-10
2.40601622590938e-10
8.05099142953547e-11
2.67133072174722e-11
8.79451563231437e-12
2.87443763227806e-12
9.33204186875577e-13
3.01083957478339e-13
9.65763296511362e-14
3.08101460125028e-14
9.77933635679417e-15
3.08927514189359e-15
9.71543567743058e-16
3.04258379412265e-16
9.49082140121726e-17
2.94946853855046e-17
9.13381842489661e-18
2.8191132119011e-18
8.67362728444207e-19
2.66065104459829e-19
8.13841141852498e-20
2.48265771077647e-20
7.55398601577384e-21
2.29282215119781e-21
6.94302295342422e-22
2.0977648085883e-22
6.32467035115534e-23
1.90297072201841e-23
5.71448542218758e-24
1.7128066863013e-24
5.12458884060317e-25
1.53059557654435e-25
4.56396295330541e-26
1.35872571654504e-26
4.03883164947228e-27
1.19877803055027e-27
3.55307459230688e-28
1.05165819157874e-28
3.10864173737187e-29
9.17724830139053e-30
2.70594513458485e-30
7.96908013595766e-31
2.34421385137656e-31
6.88814663118571e-32
2.02180460660261e-32
5.92819410009853e-33
1.736465631535e-33
5.08140698904629e-34
1.48555468424611e-34
4.33902820823819e-35
1.26621434552981e-35
3.69185098538664e-36
1.07550900080733e-36
3.13059733743238e-37
9.10528507287057e-38
2.64619930613352e-38
7.68463660485607e-39
2.22999890521752e-39
6.46658369263179e-40
1.87388172559445e-40
5.42643046770075e-41
1.57035767720281e-41
4.54153217324547e-42
1.31260065621436e-42
3.79136791297509e-43
1.0944571854608e-43
3.15752915883084e-44
9.1043239723217e-45
2.62364797551725e-45
7.55660180481696e-46
2.17528428493952e-46
6.25862936353782e-47
1.79978742381442e-47
5.17305191560903e-48
1.48614376279558e-48
4.26744307870373e-49
1.22481923618319e-49
3.51380687456047e-50
1.00760323456951e-50
2.88809192097564e-51
8.27458382660052e-52
2.36972950419619e-52
6.7837919994354e-53
1.94120302096816e-53
5.55261461886452e-54
1.58765302357852e-54
4.53783186298756e-55
1.29651966771425e-55
3.70297511175451e-56
1.05722259253274e-56
3.01737285838165e-57
8.60875148175195e-58
2.45544756351031e-58
6.99003215571521e-59
2.07220791486897e-59
