1.00059663022521e-18
6.57792849195412e-18
3.17219443956223e-17
1.33052744559942e-16
5.12089626867836e-16
1.85244223754423e-15
6.37989793699826e-15
2.10822085512273e-14
6.71795444158542e-14
2.07147464805967e-13
6.19617342913335e-13
1.80124075078165e-12
5.09610430146201e-12
1.40476660646836e-11
3.7761903763149e-11
9.90604803089957e-11
2.53748077331042e-10
6.35006611006851e-10
1.5531443185348e-09
3.7141778287331e-09
8.68699400527338e-09
1.98771536449902e-08
4.45066437833508e-08
9.75389673169344e-08
2.09267192658974e-07
4.39615141467223e-07
9.0440794144071e-07
1.82239239312901e-06
3.59720659340446e-06
6.95649040127779e-06
1.31815780381835e-05
2.44762153737974e-05
4.45414702291832e-05
7.94454247920731e-05
0.000138897713044996
0.000238055589685709
0.000399992319245131
0.000658939735224144
0.00106436217806027
0.00168581573979293
0.00261838487429402
0.00398826562745074
0.00595779166389291
0.00872890463222985
0.0125438039190688
0.0176813419092957
0.0244477412897569
0.0331604805467859
0.0441247800134798
0.0576030350643596
0.0737787297326628
0.0927176887568539
0.1143307800516
0.138343104438186
0.164275042084952
0.191440056527492
0.218962792999867
0.24581881492243
0.270894546014026
0.293063027044216
0.311268450342096
0.324610595979494
0.332419650009474
0.33431263032043
0.330224723605093
0.320411942597406
0.305425147243978
0.286059042876255
0.263282702524318
0.238160023738403
0.211769099382699
0.185128774055108
0.159138906873712
0.134538451729201
0.111882843642821
0.091539762304902
0.0737004497398509
0.0584025676759581
0.0455601256792873
0.0349962051193072
0.026474876972159
0.019729659559937
0.0144868898679404
0.0104833316868247
0.00747811186041437
0.00525961420655859
0.00364826804418046
0.00249627652742203
0.00168528872679698
0.00112288261421881
0.000738542637071339
0.000479623599672259
0.000307617840355505
0.00019489928773149
0.000122010684082993
7.54874398075306e-05
4.61679090882894e-05
2.79185484177299e-05
1.66966718166878e-05
9.8775119346234e-06
5.78150133256618e-06
3.34890317871089e-06
1.92010732525742e-06
1.08993336399074e-06
6.1265357692714e-07
3.41081429989096e-07
1.88111414483918e-07
1.02794640945766e-07
5.56681375356512e-08
2.98816651591006e-08
1.59017206952925e-08
8.39078028000241e-09
4.39091976578142e-09
2.27917646764961e-09
1.17366035479965e-09
5.99680677770582e-10
3.04074716509512e-10
1.53035117589151e-10
7.64572650228311e-11
3.79252158526332e-11
1.8680231854202e-11
9.13783082421792e-12
4.4398765139359e-12
2.14301112290826e-12
1.02768761969586e-12
4.89707785615739e-13
2.31903196107482e-13
1.0914997128122e-13
5.10669247543066e-14
2.37523028502619e-14
1.09842695246803e-14
5.05108146653189e-15
2.30989588790753e-15
1.05060927345876e-15
4.75308597611745e-16
2.13914120093648e-16
9.57800883067207e-17
4.2670194756767e-17
1.89159529940948e-17
8.34498662631776e-18
3.66400052926004e-18
1.60123687538279e-18
6.96566538083771e-19
3.0165637427285e-19
1.30059002704933e-19
5.58313944694357e-20
2.38674403671476e-20
1.0137778569132e-20
4.50060226644517e-21
