0
8.82967808667117e-24
5.8572888315884e-23
2.86196715076167e-22
1.22114060887781e-21
4.79999298753915e-21
1.78030529200228e-20
6.31126040827119e-20
2.15511348056136e-19
7.12440829733796e-19
2.28805209502526e-18
7.15673096056962e-18
2.18430445053075e-17
6.51465466949791e-17
1.90084392968615e-16
5.43098478244563e-16
1.52060254139757e-15
4.17475178696305e-15
1.12448447618427e-14
2.97290082392222e-14
7.71757467035249e-14
1.96789616151909e-13
4.93030742444491e-13
1.2139786867964e-12
2.93843274476069e-12
6.99326598937788e-12
1.63676771325535e-11
3.76801208946294e-11
8.53345174582408e-11
1.90146213134537e-10
4.16926419084289e-10
8.99691971302054e-10
1.91091325463249e-09
3.99528094408266e-09
8.22349246229202e-09
1.66651212727986e-08
3.3253846421744e-08
6.53419690090925e-08
1.26442487829386e-07
2.40977190477203e-07
4.52345978879263e-07
8.36383707746274e-07
1.52337572224118e-06
2.73338186491125e-06
4.83180343732526e-06
8.41504638518792e-06
1.44398798046895e-05
2.44146726062427e-05
4.0675975905086e-05
6.67795371972047e-05
0.000108040094836565
0.000172258108448292
0.00027067236623665
0.000419173144866441
0.000639798896938204
0.000962517811074926
0.00142726184220442
0.00208613364921552
0.00300564662272836
0.00426878753947433
0.00597661609741175
0.00824904485321359
0.0112243893821548
0.0150572567384734
0.0199143662067277
0.0259679838630926
0.033386810731098
0.0423243943092216
0.0529054249696492
0.0652106094950432
0.0792611486329504
0.0950041388283241
0.11230042013787
0.13091645489224
0.150521707794638
0.170692689629112
0.190924330858904
0.210648703985417
0.229260377700752
0.246146945614274
0.260722621886888
0.272462326242996
0.280933464514558
0.285822690740942
0.286955316944518
0.284305680183551
0.277997609959349
0.26829506294515
0.255583895184824
0.240346518069552
0.223131747275704
0.204522448755038
0.185103595761376
0.165433096232294
0.146017282730001
0.127292351217277
0.109612373026207
0.0932438661734654
0.078366363961344
0.0650780064863617
0.0534049268341357
0.0433131084686515
0.0347214351423215
0.0275148082945326
0.0215564317872327
0.0166986220695794
0.0127917600806696
0.0096912335965967
0.00726240847510858
0.00538380632708775
0.00394875406566598
0.00286581268433327
0.00205829711845654
0.00146317628422812
0.00102960240723155
0.000717270381497779
0.00049475813191369
0.000337952733876464
0.000228627379763845
0.000153202542759679
0.000101701008412121
6.68901274979354e-05
4.35945284842261e-05
2.81572739029837e-05
1.80257379845985e-05
1.14391607684106e-05
7.19694852964088e-06
4.48962233700302e-06
2.77735902113515e-06
1.70399450404171e-06
1.03698140398785e-06
6.26026186384705e-07
3.74959519328669e-07
2.22842312854793e-07
1.31426450110339e-07
7.69289145594157e-08
4.46958692126833e-08
2.57789218784109e-08
1.4761472522271e-08
8.39285128835646e-09
4.73861013219432e-09
2.65705208195649e-09
1.47979706706367e-09
8.18656971387782e-10
4.49928496473374e-10
2.45680235971538e-10
1.33297729597635e-10
7.18768367095111e-11
3.84319370671226e-11
2.14404245512158e-11
0
