0
9.20463735887436e-22
6.08649288859573e-21
2.9601540810272e-20
1.25539217469968e-19
4.89794523090073e-19
1.80065447010434e-18
6.31862343966454e-18
2.13283688638554e-17
6.96031849352154e-17
2.20368947201402e-16
6.78599223246678e-16
2.03626310566452e-15
5.96265114248778e-15
1.70578379887856e-14
4.77182748118176e-14
1.30631045747163e-13
3.50169812472393e-13
9.19620623535728e-13
2.36717257531559e-12
5.97460396737214e-12
1.47907932175859e-11
3.59256353186141e-11
8.56369201937913e-11
2.0038352603488e-10
4.60360402211485e-10
1.03860589430093e-09
2.30141505888138e-09
5.00954763837139e-09
1.0713316078585e-08
2.25127587266126e-08
4.64907026681949e-08
9.43594576407225e-08
1.88248952705259e-07
3.69190282788395e-07
7.11833529302278e-07
1.3494427310535e-06
2.5154362656848e-06
4.61092300873779e-06
8.31206616416036e-06
1.47368865508353e-05
2.56983657652788e-05
4.40792446977716e-05
7.43731371070789e-05
0.00012344529227787
0.000201572563807307
0.000323822988384212
0.000511827073248827
0.00079597100300031
0.00121800196598897
0.00183397393448611
0.00271737686136575
0.00396218534249675
0.00568544145718536
0.00802886419247945
0.0111588747101042
0.0152643685396415
0.0205515813663478
0.027235511654589
0.0355276005181607
0.045619732246923
0.0576650924203816
0.0717569648312678
0.0879070992805468
0.106025756067457
0.125905837187268
0.147213562587794
0.169487879738435
0.192150183912889
0.214525004806644
0.23587116811478
0.255421703467892
0.272429609763985
0.286215679126872
0.296214072147645
0.302011329439253
0.303375026100177
0.300269274800982
0.292855634280083
0.281479503056595
0.26664356824938
0.248971140506807
0.229163082431388
0.207952437136978
0.186060767574877
0.164159679515759
0.142840132120443
0.122591084662487
0.103787939238153
0.086690254437259
0.0714474271447019
0.0581105281140071
0.0466482456645383
0.0369649156271207
0.028918841283389
0.0223394664825794
0.0170423882300683
0.0128416197480449
0.00955889388988583
0.00703009987712239
0.00510916061935126
0.00366978451533127
0.00260557582621934
0.00182897838857008
0.00126947737739217
0.000871410724593512
0.00059166036240352
0.000397414576025247
0.000264123396902162
0.000173712707638336
0.00011308046196954
7.28692266681292e-05
4.64911525491701e-05
2.93720705021083e-05
1.8378283569139e-05
1.13906620233409e-05
6.99412699067868e-06
4.25524770890942e-06
2.56559757477394e-06
1.53316688649864e-06
9.08221167402647e-07
5.33406622995544e-07
3.10636345277196e-07
1.79405129505957e-07
1.02770140583527e-07
5.83994093052369e-08
3.29244383884928e-08
1.84185236453778e-08
1.02252741279317e-08
5.63423643044757e-09
3.08170078905554e-09
1.67338381487393e-09
9.02202060927321e-10
4.83022934014559e-10
2.56825991053386e-10
1.35633868228475e-10
7.11549345552147e-11
3.70850124076153e-11
1.92042027184122e-11
9.88201705340959e-12
5.05350271814881e-12
2.56851576194887e-12
1.29765474832255e-12
6.51728606219588e-13
3.25422634022695e-13
1.61563775243247e-13
7.97616828156716e-14
3.91639483837997e-14
1.90817742753169e-14
9.71227594088209e-15
0
