0
1.6891203539566e-20
1.11439406029115e-19
5.40205584175955e-19
2.28119236503555e-18
8.85329657749696e-18
3.23448109517808e-17
1.12682378516105e-16
3.77247673568598e-16
1.21985490754209e-15
3.82306789317219e-15
1.16419815346131e-14
3.45116150065788e-14
9.9735740846473e-14
2.8130264048305e-13
7.75046199224907e-13
2.08753286393632e-12
5.49993218042942e-12
1.41815465029998e-11
3.58032797291248e-11
8.85358678246184e-11
2.14514105192697e-10
5.09399144857185e-10
1.18587139935301e-09
2.70703183857503e-09
6.06058931112744e-09
1.33101483191573e-08
2.86794623885882e-08
6.0638212955229e-08
1.25826103281742e-07
2.56271846054595e-07
5.12376694728273e-07
1.00573793828533e-06
1.93835137807363e-06
3.66838137835248e-06
6.81789020154185e-06
1.24450241279864e-05
2.23123857135545e-05
3.92946073070364e-05
6.79808757820772e-05
0.000115540912843733
0.000192933128845921
0.000316537406539876
0.000510286865191365
0.000808346472049252
0.00125833457293905
0.00192500034353652
0.00289415282311346
0.00427648802060571
0.00621078998344325
0.00886581003090696
0.0124399864128158
0.0171580940923489
0.0232639549583036
0.0310085327726413
0.0406331110386715
0.0523478074214658
0.0663063827648173
0.0825790842582434
0.101126012079378
0.121774082432785
0.14420093762521
0.167929007600371
0.192332289495578
0.216657289074556
0.240058054623589
0.261643508538362
0.280533585412266
0.295919283840841
0.307120875668293
0.313638364089628
0.315188906419825
0.311727258346416
0.303447174418919
0.290763844941567
0.27427955069725
0.254736475668826
0.232961800603363
0.209810675427608
0.186112422825071
0.162624456500438
0.139997087944531
0.11875087215349
0.0992666354469244
0.0817870319305558
0.0664275230846428
0.0531941293388943
0.0420051564999352
0.0327142922335377
0.0251329032175481
0.0190499346256493
0.0142484194779498
0.0105181652295657
0.00766464458648408
0.00551445023328385
0.00391787595957593
0.0027492739980091
0.00190583489703532
0.00130537032971488
0.000883577959483173
0.00059115339611841
0.00039100392274965
0.000255722478594543
0.000165403439212164
0.000105825079635042
6.69855677253405e-05
4.19567685993031e-05
2.60093756131349e-05
1.59603781002838e-05
9.69659514316687e-06
5.83357579318563e-06
3.47588735515744e-06
2.05157146778241e-06
1.19969702268911e-06
6.95173705373777e-07
3.9923050792522e-07
2.27265473231981e-07
1.28260279888122e-07
7.17742049422981e-08
3.98317556253036e-08
2.19250995166626e-08
1.19720857349235e-08
6.48601683282343e-09
3.48681616189389e-09
1.86030563500543e-09
9.85154175903999e-10
5.17902449928764e-10
2.70317176708098e-10
1.40100000181701e-10
7.21102835246419e-11
3.68642558824733e-11
1.87204571609626e-11
9.44457760753824e-12
4.73429210466664e-12
2.35821944199578e-12
1.16739870703443e-12
5.74391700493527e-13
2.8093002717637e-13
1.36595161268413e-13
6.60335610278532e-14
3.17417229982316e-14
1.51731525423454e-14
7.21344846684137e-15
3.41093264467426e-15
1.60437862631101e-15
7.50729951032525e-16
3.49494444319681e-16
1.61905526648694e-16
7.44642969328708e-17
3.57906013011843e-17
0
