0
3.40544462029953e-08
2.09672976981302e-07
9.26684794622508e-07
3.58317690570633e-06
1.26408568727297e-05
4.13651973893248e-05
0.000126010298745747
0.000357750108137805
0.000947253071053353
0.00234058317875605
0.00539981578083634
0.011636513936795
0.0234323606130527
0.0441049782682041
0.0776136600614678
0.127715255573644
0.196541909812138
0.282886838060073
0.380839895863372
0.479587065414088
0.564956064439266
0.622619400825067
0.642022508504933
0.619563311431523
0.559700754150396
0.473517663466286
0.375370547669057
0.279016501408414
0.194637127698682
0.127560584552081
0.0786447035275471
0.0456834705203621
0.0250481104523048
0.0129905573977244
0.00638781097090419
0.00298610266560441
0.0013309394304143
0.000567397155657478
0.000232138364996056
9.14632353009509e-05
3.48269119057687e-05
1.28606957049514e-05
4.62119891660771e-06
1.62091593621956e-06
5.56605485413935e-07
1.87610118661073e-07
6.22151961914713e-08
2.03399086210162e-08
6.56710846001262e-09
2.09712295912514e-09
6.63215973558665e-10
2.0794228834098e-10
6.46984405995149e-11
1.99920064602618e-11
6.13946317367711e-12
1.87488688606284e-12
5.69659717265559e-13
1.7228526121213e-13
5.18853903157272e-14
1.55653180761993e-14
4.65287017235283e-15
1.38628638529619e-15
4.11775237640494e-16
1.21965708768295e-16
3.60305454664806e-17
1.06178454702955e-17
3.12179192384971e-18
9.15875696234282e-19
2.68158444435141e-19
7.83648060760472e-20
2.28598350085368e-20
6.65719645291049e-21
1.93560241663453e-21
5.61932947005586e-22
1.62903564128322e-22
4.71613292221657e-23
1.36357845445567e-23
3.93767656216148e-24
1.13577166508513e-24
3.27232644620655e-25
9.4180015775117e-26
2.7078084264935e-26
7.77773829130299e-27
2.23194193692537e-27
6.39916761745421e-28
1.83312016463427e-28
5.24686783359878e-29
1.50060045191139e-29
4.28843659861538e-30
1.2246566870673e-30
3.49480500403873e-31
9.9663448206097e-32
2.84029721647423e-32
8.08940507704524e-33
2.30252193587484e-33
6.54989547447136e-34
1.86215966712926e-34
5.29126545777685e-35
1.5026921378607e-35
4.26535990413816e-36
1.21010647176358e-36
3.43147172335195e-37
9.72596285304321e-38
2.75541009548128e-38
7.8027409218207e-39
2.2086201209745e-39
6.24903720410585e-40
1.76737444875087e-40
4.99657399578818e-41
1.41204675270439e-41
3.98899371607442e-42
1.12646963930326e-42
3.17996003778595e-43
8.97374806168779e-44
2.5315119073564e-44
7.13910343960307e-45
2.01265130928986e-45
5.67228451542661e-46
1.59814206593794e-46
4.50136116567366e-47
1.26749575281881e-47
3.56801202243981e-48
1.00412114472599e-48
2.82506658328653e-49
7.9461490350193e-50
2.23446083904767e-50
6.28173059244571e-51
1.765545016766e-51
4.96104935081044e-52
1.39368883312208e-52
3.91433328108047e-53
1.09913643466752e-53
3.08566861084751e-54
8.6606965551389e-55
2.4303238563315e-55
6.81844172201041e-56
1.91257107235928e-56
5.36368491182003e-57
1.50391697995842e-57
4.2160043956179e-58
1.18167063294255e-58
3.31139956669525e-59
9.27786413537316e-60
2.59900538231212e-60
7.27931599959856e-61
2.03844290729158e-61
5.70767867650559e-62
1.59538718127004e-62
4.64261665483425e-63
0
