0
4.60781147917078e-30
3.07989430947035e-29
1.52153893984013e-28
6.58592407515946e-28
2.63479958629463e-27
9.97829359009436e-27
3.62336375188899e-26
1.27134581070706e-25
4.33203205964876e-25
1.43846895084826e-24
4.6663429328959e-24
1.48160825293144e-23
4.61102614287103e-23
1.4082002913211e-22
4.22409091694004e-22
1.24546593366955e-21
3.61188103824473e-21
1.03078674948932e-20
2.89624527012958e-20
8.01499829339784e-20
2.18535391191119e-19
5.87247433584704e-19
1.55566959966453e-18
4.06362780403403e-18
1.04689639506549e-17
2.66054519370531e-17
6.67100037806285e-17
1.65057118692749e-16
4.03055005824081e-16
9.71493454479112e-16
2.31161348598865e-15
5.43051082284031e-15
1.25968834582294e-14
2.88553412540139e-14
6.52786098541753e-14
1.45859772226865e-13
3.21926105914403e-13
7.01886501151649e-13
1.5118186834181e-12
3.21725145154535e-12
6.76474665837097e-12
1.40548618585115e-11
2.88559950040808e-11
5.85469942987097e-11
1.17396649734041e-10
2.32654644120693e-10
4.5571573261461e-10
8.82313612832583e-10
1.68856618706675e-09
3.19446394394807e-09
5.97421067459392e-09
1.10454347681798e-08
2.018929842389e-08
3.64847602498761e-08
6.51881597212475e-08
1.15161524613922e-07
2.01159940356988e-07
3.47443681420022e-07
5.93402114060895e-07
1.00218516212783e-06
1.67375957329618e-06
2.76436898967022e-06
4.5151065703533e-06
7.29323009531413e-06
1.16509750076647e-05
1.8407944238317e-05
2.87646376340249e-05
4.44562467762028e-05
6.79573423125979e-05
0.000102749307016924
0.000153663021611463
0.000227309008358321
0.000332605518138092
0.000481411396303012
0.000689264460944316
0.000976217118042724
0.00136774872214372
0.00189571873920023
0.0025993064418251
0.00352586253460673
0.00473157723037799
0.00628184996757632
0.00825123084782021
0.0107227960928017
0.0137868226585863
0.0175386436941026
0.0220755992156421
0.0274930464367606
0.0338794612069639
0.0413107434478008
0.0498439304932388
0.059510615730719
0.0703104568768569
0.08220522837816
0.0951139153869709
0.108909353173986
0.123416878753219
0.138415377624456
0.153640979226497
0.168793486429372
0.183545428714224
0.197553421425681
0.210471313355302
0.221964431626587
0.231724104872376
0.239481578036934
0.245020434411976
0.248186715568645
0.248896073146422
0.247137486397198
0.242973318436777
0.236535740789216
0.22801980685283
0.217673678129094
0.205786683522293
0.192676008084517
0.178672856094046
0.164108914082395
0.149303858647141
0.134554523270734
0.120126173306878
0.106246155990094
0.0931000098143503
0.0808299500806872
0.0695355068054238
0.0592759854866438
0.0500743541686437
0.0419221315280028
0.0347848566595547
0.0286077557160089
0.023321275936634
0.0188462258006117
0.0150983333599326
0.0119921065911084
0.00944394466590977
0.00737450383891679
0.00571036426949271
0.00438507406645574
0.00333966485106812
0.00252274068679214
0.00189024131925728
0.00140497349150915
0.00103599277806095
0.000757904817415376
0.000550140621452594
0.000396246079853539
0.000283232377473077
0.000200625248557923
0.000146742139776156
0
