0
1.60958981611006e-22
1.0656673854054e-21
5.19232577231247e-21
2.20730149351246e-20
8.63710893153723e-20
3.18633946043894e-19
1.12259907012797e-18
3.80656305198349e-18
1.24856248436758e-17
3.97530503805129e-17
1.23170394508282e-16
3.72078857326523e-16
1.09745121396645e-15
3.16411756951644e-15
8.9255660948639e-15
2.46524995723543e-14
6.67112900989091e-14
1.76961723525155e-13
4.60358047387523e-13
1.17494204543318e-12
2.94298221381404e-12
7.23665269630369e-12
1.74735224152196e-11
4.14397687424118e-11
9.65471588765631e-11
2.21018899907107e-10
4.97235347058527e-10
1.09952647649375e-09
2.3901398997971e-09
5.10825724900724e-09
1.07351352238495e-08
2.21859094322383e-08
4.50949673021104e-08
9.0157754626584e-08
1.77313780964741e-07
3.43070948663043e-07
6.53074550364274e-07
1.22324122808446e-06
2.25456724407592e-06
4.08926631378264e-06
7.29938769036916e-06
1.28236741464611e-05
2.21742161091126e-05
3.77413367476972e-05
6.32326988135047e-05
0.000104290014556507
0.000169332543299053
0.000270678670573656
0.000425992466083053
0.00066008782576317
0.00100709499148642
0.00151294965793156
0.0022381015234102
0.00326025738816744
0.00467687767541278
0.00660704306868194
0.0091922135036213
0.0125953335824182
0.016997718590926
0.0225932063317511
0.0295792011501757
0.0381444786541314
0.0484539601212289
0.0606310843699774
0.0747388625440619
0.090761140546504
0.108585945062818
0.127992979436811
0.148647301488047
0.170100915526384
0.191803438397631
0.213122189193796
0.23337108175461
0.251846681496408
0.267868857895447
0.280822756666961
0.290198445478607
0.295624626147611
0.296893270506537
0.293972880616265
0.287009194597007
0.276313413906442
0.262339254817451
0.245651171550418
0.226886837134589
0.206717325128632
0.18580839241264
0.164785857745024
0.144207385521849
0.124542130857154
0.106158801693756
0.0893218577832848
0.0741948826235237
0.0608496875176347
0.0492794562788299
0.0394142023457124
0.0311369505286574
0.0242993220841852
0.0187355385011419
0.0142742142988544
0.0107476401196782
0.00799853526546506
0.00588445792476379
0.00428019804255239
0.00307854773924586
0.00218985902000389
0.00154077268781128
0.0010724505628745
0.000738578366010067
0.000503339307073932
0.000339495836527932
0.000226663563596489
0.000149818970387963
9.80513835796339e-05
6.35486308520611e-05
4.07931875723777e-05
2.59394707447854e-05
1.63413991518165e-05
1.02007991124636e-05
6.31041096441546e-06
3.86919570867761e-06
2.35171064170241e-06
1.41712158214353e-06
8.46739144967416e-07
5.01729964965893e-07
2.94867013513429e-07
1.7189974871632e-07
9.94199623319389e-08
5.70527902291459e-08
3.24892726894749e-08
1.8361872583133e-08
1.03005663529511e-08
5.73620759715921e-09
3.1714647726132e-09
1.74107321264659e-09
9.49175021105186e-10
5.13921616025964e-10
2.7638671054589e-10
1.47657213141734e-10
7.83711371242285e-11
4.13302010875914e-11
2.16587748822898e-11
1.12797522782736e-11
5.8385909182872e-12
3.00401545075465e-12
1.53646153348433e-12
7.81366999000592e-13
3.94189969860505e-13
2.0766744493421e-13
0
