0
3.63149699207007e-15
2.36620606863613e-14
1.12643128434985e-13
4.64523018474129e-13
1.75073937838037e-12
6.17649794296076e-12
2.06598369066228e-11
6.60223591907744e-11
2.025660287771e-10
5.98687471430467e-10
1.70849975652268e-09
4.71584380880301e-09
1.26065802438295e-08
3.26711215837136e-08
8.21493559797047e-08
2.0053777366466e-07
4.75521231450169e-07
1.09576745727507e-06
2.45474565943645e-06
5.34782218674233e-06
1.13332589646689e-05
2.3369565710214e-05
4.68989342222505e-05
9.16178520895159e-05
0.000174253503464233
0.000322729743929568
0.000582126715066208
0.00102276562595531
0.00175052547956828
0.00291906264613353
0.00474292061805599
0.00750960239537447
0.0115876342490119
0.0174266896336172
0.025545286784642
0.0365018095577733
0.0508459879928156
0.0690507121072941
0.091428033695421
0.1180379199717
0.148602824084242
0.182444208264287
0.218457564847753
0.255139364045752
0.290672582663664
0.323067858898585
0.350346623682375
0.370743119687286
0.382896391174633
0.386002817948108
0.37990508989934
0.365103770104287
0.342690630701042
0.31421593605162
0.281512026469743
0.246500940313518
0.211013665300938
0.176643523453987
0.144647801003413
0.115902174303613
0.0909038082537091
0.0698127082471821
0.0525176826551493
0.0387130229612135
0.0279740515218557
0.0198230556395135
0.0137808576304518
0.00940261038443078
0.00629890926809313
0.00414482859363532
0.0026801094566263
0.0017036638233577
0.00106507719660704
0.000655124287760672
0.000396634150732179
0.000236459616630513
0.000138866966015785
8.03689349271972e-05
4.5855800594322e-05
2.58038007519254e-05
1.43258285626376e-05
7.84986970743692e-06
4.24686252868183e-06
2.26928890252815e-06
1.19805357647081e-06
6.25133511374131e-07
3.22493368904811e-07
1.6453480318819e-07
8.30457448474631e-08
4.14791078917193e-08
2.05078350582498e-08
1.0039470444163e-08
4.86766687101537e-09
2.33810902305862e-09
1.11289388483826e-09
5.25043822645944e-10
2.45580810171135e-10
1.13907235481917e-10
5.24039324755008e-11
2.3918097530609e-11
1.08325574557021e-11
4.86928759329642e-12
2.1727784933923e-12
9.62639835958063e-13
4.23536248625886e-13
1.85085813088496e-13
8.03500850323351e-14
3.46579315732433e-14
1.48556647537723e-14
6.32881601779349e-15
2.68015159314844e-15
1.12840813677767e-15
4.72394058863567e-16
1.96667883667268e-16
8.14349417164884e-17
3.35422474006185e-17
1.37445800545557e-17
5.60377855829456e-18
2.27348037727811e-18
9.17933481115959e-19
3.68882832776685e-19
1.47560092763302e-19
5.87620895630093e-20
2.32978909935732e-20
9.19748252642496e-21
3.61572148160931e-21
1.41557874839695e-21
5.51981370089867e-22
2.1438937015174e-22
8.29481198489146e-23
3.19719619832702e-23
1.2277937811901e-23
4.69794520467447e-24
1.79121975816984e-24
6.80580214321509e-25
2.57708965865837e-25
9.7258795086174e-26
3.65852439872249e-26
1.37179278641756e-26
5.12747523534228e-27
1.91063353602622e-27
7.09799266590588e-28
2.62907447582994e-28
9.70965104547065e-29
3.57570250460872e-29
1.31309866263323e-29
4.80921115965519e-30
1.75303294607977e-30
6.67385690017489e-31
0
