2.98110947197664e-09
1.88655813576935e-08
8.62121105199659e-08
3.39329043823505e-07
1.21091210774458e-06
4.0056908859146e-06
1.2399874894626e-05
3.60841795016267e-05
9.89362316729047e-05
0.000255917566925113
0.000625082790168446
0.00144267465816565
0.00314805685001398
0.00649787365987878
0.0126920613097691
0.0234678179644503
0.0410878363917687
0.068131893803351
0.107018981726703
0.159259320053995
0.224559573860461
0.300042888548526
0.3799279684006
0.455964510635952
0.518715378741397
0.559460329057687
0.572202103022709
0.55513481257382
0.511073077435604
0.446698033404398
0.370896584664032
0.292762976765146
0.219877335022079
0.157284101486897
0.107283340739938
0.0698698142815801
0.0435095919727947
0.0259480286301029
0.0148451689439027
0.00816223185033837
0.0043210810361724
0.00220687290878087
0.00108948114496771
0.000520929732411547
0.000241717552606795
0.000109054310654136
4.79285258695442e-05
2.05561091208618e-05
8.61836889444502e-06
3.53791365797231e-06
1.42417953744479e-06
5.6297718723205e-07
2.18823817573661e-07
8.37341104194697e-08
3.15790725570554e-08
1.1749830012192e-08
4.31726399308027e-09
1.56785544736723e-09
5.63206988108994e-10
2.00267302100297e-10
7.05376662602388e-11
2.4624426985984e-11
8.52487995957277e-12
2.92826711627281e-12
9.98478003079641e-13
3.38111867540722e-13
1.13749696774625e-13
3.80336758077659e-14
1.26433625811922e-14
4.1799393808209e-15
1.37472926829611e-15
4.49905850456367e-16
1.46552220757277e-16
4.75259509049119e-17
1.53472722202241e-17
4.93607153771821e-18
1.58147952896789e-18
5.04840516749242e-19
1.6059240173469e-19
5.09146845093576e-20
1.60905657004225e-20
5.06954307122323e-21
1.59254261092916e-21
4.98873280693124e-22
1.55853126046935e-22
4.85638616788659e-23
1.509478902142e-23
4.68056528127038e-24
1.44799153679633e-24
4.46958426535e-25
1.37669140783705e-25
4.23162910244541e-26
1.29811020103119e-26
3.97446217706261e-27
1.21460870603387e-27
3.70520817137738e-28
1.12832113066791e-28
3.43021368226343e-29
1.04112119057286e-29
3.15497040213233e-30
9.54606540082036e-31
2.88409061139812e-31
8.70097945491621e-32
2.62132369508383e-32
7.88649718179541e-33
2.36960309093944e-33
7.11068226401272e-34
2.13111422590124e-34
6.37935712969286e-35
1.90737538361467e-35
5.69637101269086e-36
1.69932490461741e-36
5.06387930435408e-37
1.5074095375645e-37
4.48261992328528e-38
1.33167005983902e-38
3.95217629961163e-39
1.1718214262746e-39
3.47121989818842e-40
1.02732566689203e-40
3.03772796176791e-41
8.97456537141069e-42
2.64917435633959e-42
7.81355537294824e-43
2.30269309134472e-43
6.78079378523065e-44
1.9952153283284e-44
5.86639302491384e-45
1.72358155084719e-45
5.06032880886553e-46
1.48463111456247e-46
4.3526905222412e-47
1.27527169399398e-47
3.73387215121225e-48
1.09253124948029e-48
3.19471207089496e-49
9.33595104819876e-50
2.72658970447065e-50
7.95830595030778e-51
2.32148654238622e-51
6.76801548965298e-52
1.97201832754964e-52
5.74274640270039e-53
1.67144444287565e-53
4.86219435975961e-54
1.41365653704828e-54
4.10827665370911e-55
1.19136339717445e-55
3.59872930272345e-56
