0
5.27187294787453e-21
3.48134793590545e-20
1.68987693929653e-19
7.14865972333917e-19
2.78042616077045e-18
1.01842770687496e-17
3.55857381367046e-17
1.19540846232018e-16
3.88010884060382e-16
1.22115587599767e-15
3.73583962890791e-15
1.11303632959457e-14
3.23414778847965e-14
9.17554432035865e-14
2.54401876520498e-13
6.89839505752779e-13
1.83055565293412e-12
4.75609235062046e-12
1.21043658223525e-11
3.01872520445717e-11
7.37970178906981e-11
1.76894428693031e-10
4.15873841239342e-10
9.59138091955235e-10
2.17051421309357e-09
4.82044771976037e-09
1.05082234692314e-08
2.24882661513834e-08
4.72530032869247e-08
9.7500484860604e-08
1.97579040634125e-07
3.93260815594262e-07
7.68903244237304e-07
1.47691775101649e-06
2.7872381520378e-06
5.16846962539307e-06
9.41791131371046e-06
1.68649252703554e-05
2.96812320676107e-05
5.13423540972141e-05
8.72957283568772e-05
0.000145901268435278
0.000239716605445692
0.000387197919334478
0.00061487310463505
0.000960011207822861
0.00147375498757911
0.00222459796926893
0.00330197273766761
0.00481957814121192
0.00691792167748415
0.00976541033168352
0.0135572177135977
0.0185111228060085
0.024859592733718
0.0328375997081575
0.0426660372521109
0.0545311261761341
0.0685608395523606
0.084800058345116
0.103186796743663
0.123532292332829
0.145507925384902
0.168641721471449
0.192326556462948
0.215841141776586
0.238383512583102
0.259115232659202
0.277213074768883
0.291923758697755
0.302616630693667
0.308829086574133
0.310300123508624
0.306988595364714
0.29907438814615
0.286942596918154
0.271152611198101
0.252395550839836
0.231444541068625
0.209102759647999
0.186154015008619
0.163319898270334
0.141226443156285
0.120381915065369
0.101166028895356
0.0838297337324627
0.0685038221944553
0.0552140849747847
0.0439005407795365
0.0344383843204515
0.0266586345051344
0.0203669417289828
0.0153595397508143
0.0114358308526653
0.00840752085524537
0.00610454414513553
0.00437823013268537
0.0031022696625317
0.00217206142604668
0.00150297778301496
0.00102801022645522
0.000695157713596773
0.000464822261218686
0.000307386425071956
0.000201072641696148
0.000130127139727398
8.33307114445521e-05
5.28128819313423e-05
3.31319478007461e-05
2.05778768930205e-05
1.26553506059737e-05
7.7079810926107e-06
4.65020402705203e-06
2.77932634199408e-06
1.64593871159975e-06
9.65970538361585e-07
5.61899712270433e-07
3.24015731947781e-07
1.8524752544933e-07
1.05022762249657e-07
5.90505318853997e-08
3.29334451918138e-08
1.82215812446922e-08
1.0003040335445e-08
5.44923444613042e-09
2.94615688038776e-09
1.58107134244135e-09
8.42324708519292e-10
4.45549825359863e-10
2.34022065492558e-10
1.22071760115987e-10
6.32447531861342e-11
3.25489277493435e-11
1.66418929370097e-11
8.45420087795023e-12
4.26771243081039e-12
2.14100870189725e-12
1.06755286980946e-12
5.29119832832442e-13
2.60709850578595e-13
1.27715534274382e-13
6.22094132454777e-14
3.01326199779578e-14
1.45153500581233e-14
6.95454337199851e-15
3.31434518741891e-15
1.5714526516812e-15
7.39566604421198e-16
3.63693678267622e-16
0
