0
2.36886178120414e-12
1.52917830207824e-11
7.18120049111502e-11
2.90932267147728e-10
1.07257344397658e-09
3.684736312394e-09
1.19437476156771e-08
3.67944453436153e-08
1.08215598626921e-07
3.04750046266713e-07
8.23409608820618e-07
2.13758997506678e-06
5.33733829229105e-06
1.28282038805073e-05
2.96978363874711e-05
6.62565017267861e-05
0.000142517258721839
0.000295668226804431
0.00059180856792517
0.00114319534939125
0.00213172052735759
0.00383800530586483
0.00667313271143263
0.0112066610541988
0.0181806637870834
0.0284962456829186
0.0431579996515227
0.063165119948881
0.0893467861357355
0.122153918534076
0.161437149416086
0.206257102061705
0.254781558543149
0.304319060634407
0.351517229641673
0.392719075560828
0.424429879762635
0.443812732442269
0.449114251843136
0.439930586342981
0.417256875455289
0.383312112860469
0.341181681300564
0.29435726197763
0.246268643781721
0.19989221894224
0.157492368155155
0.120515018987922
0.0896185395199931
0.0648039062284991
0.0455969636228856
0.0312390918075728
0.0208542557430958
0.0135749667141303
0.00862284454582112
0.00534877106513283
0.00324246482041216
0.00192238726060892
0.00111551675503037
0.000634020654648886
0.000353216623230034
0.000193019979027456
0.00010353648156626
5.45524072422669e-05
2.82523934832505e-05
1.43913097821367e-05
7.21478142790578e-06
3.56195683744022e-06
1.73281501406196e-06
8.31112524930852e-07
3.93231289679661e-07
1.83630186735345e-07
8.467705519074e-08
3.85764174749877e-08
1.73705059160597e-08
7.73443873918431e-09
3.40685687983594e-09
1.48512376899438e-09
6.40947180265996e-10
2.73963283138739e-10
1.1601804635583e-10
4.86931063364554e-11
2.02608325852926e-11
8.36041503498382e-12
3.42220504282379e-12
1.38999443745367e-12
5.60356907751898e-13
2.242702451692e-13
8.91332137808601e-14
3.51859682858629e-14
1.37993331039837e-14
5.37771447490036e-15
2.08294031402303e-15
8.02010291199371e-16
3.07035120348501e-16
1.16890360954168e-16
4.42615012267343e-17
1.66725311521517e-17
6.24846159038961e-18
2.33027002375999e-18
8.64895646424237e-19
3.19525628847284e-19
1.17514106970025e-19
4.30300776594553e-20
1.56893658524415e-20
5.69693183047254e-21
2.0602896690385e-21
7.42189059709956e-22
2.66345514920804e-22
9.52280005732983e-23
3.39245902741745e-23
1.20430335194285e-23
4.26056997982349e-24
1.50226933152714e-24
5.27974080205387e-25
1.84968265584868e-25
6.46004509526363e-26
2.24936679195548e-26
7.80913595989163e-27
2.70329944246465e-27
9.33175327875816e-28
3.21246741049953e-28
1.10293043701321e-28
3.77674822379603e-29
1.28995395311027e-29
4.3948246588797e-30
1.49363395259659e-30
5.06413674088143e-31
1.71296267273347e-31
5.78087400706973e-32
1.94654057531592e-32
6.54000893028824e-33
2.19259334343955e-33
7.33537051855396e-34
2.44900121515951e-34
8.15975534599338e-35
2.71333953093194e-35
9.00507171911604e-36
2.98292892321631e-36
9.86251141186104e-37
3.25489322534601e-37
1.07227424607244e-37
3.52622293490852e-38
1.15761158651566e-38
3.79384238876803e-39
1.24128431339112e-39
4.05496039694056e-40
1.32008796164672e-40
4.48326325076212e-41
0
