0
2.01866579776162e-15
1.31628970941e-14
6.27282290264504e-14
2.59042580657606e-13
9.77993304044095e-13
3.45746142824419e-12
1.15930489734839e-11
3.71517679113413e-11
1.14351458161944e-10
3.39186265659738e-10
9.7185039976727e-10
2.69451318399615e-09
7.23853159028476e-09
1.88603822987541e-08
4.77011856280274e-08
1.17184081180535e-07
2.79770232025956e-07
6.49416321563253e-07
1.46622425562134e-06
3.22090052905621e-06
6.8862085970062e-06
1.43324543009213e-05
2.90467728787036e-05
5.73325476035399e-05
0.000110232804975379
0.000206490116131294
0.000376905269884405
0.000670454659811539
0.00116242588687646
0.00196457874101089
0.00323688576913936
0.00519973069601085
0.00814457578281311
0.0124401643764569
0.0185305143447346
0.0269205832166559
0.0381458908620348
0.0527238687302713
0.0710873983861485
0.0935047508538004
0.11999441963332
0.150247276509686
0.183570973147844
0.218871502935114
0.254683631850317
0.289255480663266
0.320683712293383
0.347086154236851
0.366790350520227
0.378511542703999
0.381493374658441
0.37558959459497
0.361274347554782
0.339580403476276
0.311976356101166
0.280203025234131
0.246094247056846
0.211407271079335
0.177683582219496
0.14615353574517
0.11768960079378
0.0928050796492257
0.0716892679601475
0.0542668221825101
0.0402685857463911
0.0293027431465056
0.0209180888246313
0.0146545550935283
0.0100792421688957
0.00680859440423812
0.00451889863075873
0.00294798604769039
0.00189107377415465
0.00119331245409675
0.000741027594553041
0.000453022664727604
0.000272759721587866
0.000161801645805182
9.46005221241191e-05
5.45349777965658e-05
3.10090313641285e-05
1.73976373220079e-05
9.63464796087092e-06
5.26836917887708e-06
2.84550426332855e-06
1.5185512124119e-06
8.0099122593597e-07
4.1772606086154e-07
2.15454049496055e-07
1.09937840742638e-07
5.5513136133467e-08
2.77474656202966e-08
1.37324904730354e-08
6.73115560007186e-09
3.26856213752603e-09
1.5727500371802e-09
7.50074186960785e-10
3.54644101871735e-10
1.66274069461382e-10
7.73206894475721e-11
3.56696976780737e-11
1.63277303200629e-11
7.4175790252046e-12
3.34497616622957e-12
1.4976149449554e-12
6.65829123317997e-13
2.94006919309188e-13
1.28961080431239e-13
5.62002120560614e-14
2.43368835345869e-14
1.04738659960455e-14
4.48052889795519e-15
1.90543827463968e-15
8.0568436307413e-16
3.3876506859848e-16
1.41661969745082e-16
5.89229433025124e-17
2.43806845879019e-17
1.00366736435067e-17
4.11118176282918e-18
1.67581277021422e-18
6.79850984162631e-19
2.74522164723084e-19
1.10347166873468e-19
4.41578931039276e-20
1.75938500017702e-20
6.98006653116996e-21
2.75768033027468e-21
1.08505648424657e-21
4.252282411835e-22
1.65992842647784e-22
6.45489630233417e-23
2.50066750818326e-23
9.65211668430324e-24
3.71211416473188e-24
1.42260242834998e-24
5.43299949251991e-25
2.06785114472757e-25
7.84424493907837e-26
2.96594622584452e-26
1.11784832005216e-26
4.19987585722488e-27
1.57307625874762e-27
5.874189276165e-28
2.18703350012501e-28
8.11884586367377e-29
3.00557875381748e-29
1.10725951173164e-29
4.26067252985277e-30
0
