0
1.63893819566735e-09
1.03741234599987e-08
4.76611419369099e-08
1.88123733135873e-07
6.7354574557066e-07
2.23534641623033e-06
6.94888078904789e-06
2.03353452490366e-05
5.61702555878751e-05
0.000146669417987472
0.000362399869048626
0.000847967468669101
0.00188009012626695
0.00395193319602487
0.00787881025006361
0.014903568555339
0.02675654020805
0.0456023577072491
0.0737987975624851
0.113419009471205
0.165559349647806
0.229562314032736
0.302391653457432
0.378447087094101
0.450045460235908
0.508609702879738
0.546346947359639
0.557969006069282
0.541927154334567
0.500758292931874
0.440433185956867
0.36893597921245
0.294541167869933
0.224297126904928
0.163079229720517
0.113329206735343
0.0753667815077646
0.0480278206455511
0.0293703839618558
0.0172624688727639
0.0097674744764862
0.00532949775643107
0.00280914285639313
0.001432898030613
0.000708571363384445
0.000340287310442005
0.000158984600625714
7.23842941109616e-05
3.21677239681807e-05
1.3975239480523e-05
5.9443403458976e-06
2.47890789632885e-06
1.01484457207812e-06
4.08370465032202e-07
1.61704342201999e-07
6.30758788975378e-08
2.42609163547269e-08
9.20978280120312e-09
3.45347150882923e-09
1.28016112027983e-09
4.69448096496195e-10
1.704168667337e-10
6.12780978430043e-11
2.18379035861513e-11
7.71713554059304e-12
2.70551672386291e-12
9.41427590779599e-13
3.25271155013919e-13
1.11632921949227e-13
3.80698615763274e-14
1.29049318380472e-14
4.34959292836027e-15
1.45808832197066e-15
4.86269176413592e-16
1.61374515200424e-16
5.33038938018046e-17
1.75284137357984e-17
5.73949764961016e-18
1.87169495868125e-18
6.07999741692583e-19
1.96766582662964e-19
6.34522515534936e-20
2.03917529353154e-20
6.53182073629447e-21
2.08565756702627e-21
6.63948613903368e-22
2.10745991616988e-22
6.67060875059707e-23
2.1057083595929e-23
6.62980092885141e-24
2.08215440440213e-24
6.52340164836061e-25
2.03901611121424e-25
6.35897801073483e-26
1.97882404157537e-26
6.14485553584288e-27
1.90427983494723e-27
5.88969745495501e-28
1.81813252421486e-28
5.60214536389996e-29
1.72307539351037e-29
5.29052694202411e-30
1.62166429205586e-30
4.96263115716476e-31
1.51625686425664e-31
4.62554745293936e-32
1.40897111900946e-32
4.28556274087444e-33
1.30166109356023e-33
3.94810842320853e-34
1.19590700911038e-34
3.61774895263383e-35
1.09301720235232e-35
3.29820339067602e-36
9.94039187045145e-37
2.99239186893063e-37
8.99777396682608e-38
2.70249962277483e-38
8.10815435682376e-39
2.4300522193367e-39
7.2754098387289e-40
2.17599663309062e-40
6.50171827808117e-41
1.94078385317199e-41
5.78781811137202e-42
1.7244496800017e-42
5.13325790405634e-43
1.5266912488138e-43
4.53662943505068e-44
1.34693758406012e-44
3.99578001253681e-45
1.18441313366958e-45
3.50800157373933e-46
1.03819375702426e-46
3.07019559913331e-47
9.07255052693956e-48
2.67901400958197e-48
7.90513222689974e-49
2.33097705257096e-49
6.86858892517954e-50
2.02256976442069e-50
5.9518445454081e-51
1.75031896320021e-51
5.14405587890347e-52
1.51085306064521e-52
4.43476619408838e-53
1.30102401843122e-53
3.80823274486415e-54
1.16128544880362e-54
0
