0
2.68565810136707e-26
1.78765502206655e-25
8.77815593128371e-25
3.76972782832339e-24
1.49359118952025e-23
5.5919520539777e-23
2.00394642770128e-22
6.9272152114949e-22
2.32150306421207e-21
7.56883397887053e-21
2.40674162303635e-20
7.47804460283847e-20
2.27370842610629e-19
6.7727840150366e-19
1.97827444751385e-18
5.67050584527993e-18
1.59605236916006e-17
4.41361011775173e-17
1.19966498606924e-16
3.2063864363955e-16
8.42966583536994e-16
2.18059112742976e-15
5.55166645252516e-15
1.39142919909134e-14
3.43384215977888e-14
8.3457408733267e-14
1.99797944333522e-13
4.71224922839179e-13
1.09506627508828e-12
2.50776147367595e-12
5.66004692828347e-12
1.25919272325353e-11
2.76152913825838e-11
5.97084859029576e-11
1.27289454414887e-10
2.67582136868629e-10
5.54710275905934e-10
1.13410606117304e-09
2.28692295266735e-09
4.54872892672128e-09
8.92478710890144e-09
1.72743641362806e-08
3.29859031041723e-08
6.21442850323331e-08
1.15516417385077e-07
2.11874155145507e-07
3.83464368542621e-07
6.84864763184601e-07
1.20708122918676e-06
2.09960825193833e-06
3.60435512162653e-06
6.10690385194313e-06
1.02125636835019e-05
1.68571437863521e-05
2.74652435438784e-05
4.41720286116693e-05
7.01276573428753e-05
0.000109906307779178
0.000170043481997577
0.00025972505694851
0.000391648321742846
0.000583067754322934
0.000857025286077288
0.00124374519685318
0.00178214693591782
0.00252139520889338
0.00352236685583411
0.00485887104638216
0.00661841743016685
0.00890229201626597
0.011824679955231
0.0155105760004137
0.0200922548846353
0.0257041412387429
0.0324760250337547
0.0405247124103436
0.0499443761341299
0.0607960616231874
0.0730969945809339
0.0868105013426314
0.101837467686059
0.118010301893057
0.135090314126352
0.152769266296282
0.170675585894602
0.188385388593527
0.205438045913801
0.221355605271633
0.235664966528602
0.247921389421533
0.257731692486829
0.264775437604008
0.268822490165934
0.269745599222784
0.267527031633832
0.262258779579996
0.254136390426817
0.243446985642938
0.230552487416452
0.215869413116478
0.19984679868349
0.182943859858109
0.165608900427528
0.148260751041577
0.131273704399767
0.114966543373331
0.0995958797792753
0.0853536710267813
0.0723684897383152
0.0607099073473185
0.050395225064149
0.041397742547477
0.0336557857228706
0.0270818042595598
0.0215709771557905
0.0170089123964569
0.0132781764181282
0.0102635272977222
0.00785584253870904
0.00595482272366265
0.004470614644848
0.00332453339123351
0.0024490759608014
0.00178741416509593
0.00129253714285355
0.000926188668305571
0.000657715890232789
0.000462917503410965
0.000322952981711369
0.000223351820064266
0.000153143395759264
0.000104114131769482
7.01887837384369e-05
4.69262967716558e-05
3.11171036323822e-05
2.04672741424557e-05
1.33549501058911e-05
8.6454822257783e-06
5.55320756325745e-06
3.53955869273901e-06
2.23896541122509e-06
1.40566212547221e-06
8.75975026093663e-07
5.41902718613613e-07
3.32821281759054e-07
2.02955228382479e-07
1.22904780246215e-07
7.37616941871014e-08
4.6056956110332e-08
0
