0
8.34723769840313e-28
5.56610468934335e-27
2.74029850738591e-26
1.1807939847972e-25
4.69786833910081e-25
1.76753069811591e-24
6.37013574630836e-24
2.21615964559182e-23
7.4801281927781e-23
2.45799728125096e-22
7.88329733160351e-22
2.47231907293699e-21
7.5927709726397e-21
2.28608398252803e-20
6.75430816311351e-20
1.95972546454013e-19
5.58739441093943e-19
1.56622663933783e-18
4.31845970045928e-18
1.17166365007748e-17
3.12914583228411e-17
8.22864599431234e-17
2.13121240760394e-16
5.43781514964921e-16
1.36714478119861e-15
3.38751305069789e-15
8.27370773576098e-15
1.99224057789721e-14
4.73009307771037e-14
1.10749741906775e-13
2.55749779873025e-13
5.82556112141163e-13
1.30905273100655e-12
2.90213227360026e-12
6.34832180531132e-12
1.37031615183673e-11
2.91903210087243e-11
6.13687470709022e-11
1.27343873431238e-10
2.60832455555671e-10
5.27383721498755e-10
1.05269017910809e-09
2.07447898343524e-09
4.03623731822922e-09
7.7540197529216e-09
1.47089583497189e-08
2.75526225967769e-08
5.09671330026349e-08
9.3107144893643e-08
1.6798086242322e-07
2.99321723875762e-07
5.26787167799943e-07
9.15728708124789e-07
1.57234800287058e-06
2.66683167229479e-06
4.46809013082619e-06
7.3950547708679e-06
1.20911404636233e-05
1.95304532846625e-05
3.11665631654805e-05
4.91370397809532e-05
7.6539237964845e-05
0.000117794659693808
0.000179120110303904
0.000269123153039766
0.000399536261539311
0.000586097706503729
0.000849576734346981
0.00121692529623939
0.001722518092724
0.00240941718632436
0.00333056784649809
0.00454980053677617
0.00614248302655482
0.00819564058112148
0.0108073460183226
0.0140851805810758
0.0181435864013227
0.0230999762255162
0.0290695385638288
0.0361587762339577
0.0444579395224725
0.0540326539666712
0.0649151851577578
0.0770959137433683
0.0905156957247552
0.105059838885659
0.120554420703375
0.136765596049938
0.153402391004609
0.170123257294386
0.186546384482535
0.202263456720264
0.216856226877724
0.2299149958489
0.241057861041318
0.249949463215563
0.256317934241149
0.259968837990162
0.260795097685555
0.258782198091926
0.254008311741178
0.246639389247359
0.236919635911265
0.225158133082336
0.211712621978328
0.196971628196058
0.18133615691147
0.165202133807339
0.148944618179453
0.132904594238494
0.117378881556898
0.102613424933679
0.0887999550465993
0.0760757770084827
0.0645262607626344
0.0541894841877531
0.0450624186046425
0.0371080425206227
0.0302628135474106
0.0244440081483158
0.0195565407476123
0.0154989848027538
0.0121686274769213
0.0094654878715165
0.00729531057988353
0.00557160862175212
0.00421687209914502
0.00316308259557365
0.00235168115231455
0.00173313304207259
0.00126621915648867
0.000917165054106461
0.000658697523435693
0.000469097221026692
0.000331296203814554
0.000232052023540531
0.000161215993945921
0.000111102370611844
7.59572989775119e-05
5.15211081139176e-05
3.46743887363067e-05
2.31568093390174e-05
1.53473413008522e-05
1.00950916068249e-05
6.59093003132261e-06
4.2718274177497e-06
2.74355712014278e-06
1.82861323320114e-06
0
