5.77192051415239e-18
3.78806139621534e-17
1.82230328724115e-16
7.61885222546849e-16
2.92072007157837e-15
1.05157334719454e-14
3.60188118958148e-14
1.18281812034858e-13
3.74270065487751e-13
1.14505836428047e-12
3.39561771293481e-12
9.77810969517039e-12
2.73806448581233e-11
7.46380092616246e-11
1.98236220578159e-10
5.13358284543045e-10
1.29696209216154e-09
3.19828144979592e-09
7.70141291164471e-09
1.81152748001302e-08
4.16367212566266e-08
9.3537364271801e-08
2.05436315737396e-07
4.41212756984297e-07
9.26794541439775e-07
1.90441312845399e-06
3.82870499820541e-06
7.53217372893388e-06
1.45019266067309e-05
2.73289228254878e-05
5.04151393001191e-05
9.10515702125786e-05
0.000161007022490453
0.000278787232273339
0.000472725006046636
0.000785030120764747
0.00127684523093438
0.00203420408361982
0.00317455951663997
0.00485324205703093
0.00726884669066588
0.0106661735074902
0.0153350446138748
0.0216031866474829
0.0298215174015274
0.0403407043686088
0.0534788245044686
0.069481321464726
0.0884760988428222
0.110428266274016
0.135100443177627
0.162025261177647
0.190496472520843
0.219583680299682
0.248173175371236
0.275033958704277
0.298904241389671
0.318590197644631
0.333066178046368
0.341564530438784
0.343643928752478
0.339227639220035
0.328607073216211
0.312410622990363
0.291542348596826
0.267098809649305
0.240274631615641
0.212267979162487
0.184196029119649
0.157028138110503
0.131541224817089
0.108298539660332
0.0876500206546246
0.0697502247007667
0.0545885699157656
0.0420263210752731
0.0318352360757953
0.0237338140309612
0.017418367560403
0.0125874351340804
0.00895917080936985
0.0062821930583411
0.00434090927547374
0.00295658180023445
0.00198542327048593
0.00131487608558839
0.000859012637807469
0.000553747240186373
0.000352317945568785
0.00022130049856396
0.000137267253390013
8.41007676707254e-05
5.09086857498482e-05
3.04545321997938e-05
1.8008932083794e-05
1.05294663790463e-05
6.08852331561817e-06
3.4826351986128e-06
1.97104197114574e-06
1.10401591297648e-06
6.12130810141877e-07
3.36045893764133e-07
1.82697454947706e-07
9.83870937577664e-08
5.24935250446602e-08
2.77538735799938e-08
1.45438062000498e-08
7.55533197164305e-09
3.89163839303912e-09
1.98790392893766e-09
1.00721204416077e-09
5.06274165251122e-10
2.52502002492633e-10
1.24977294798333e-10
6.13982317781448e-11
2.99439092133245e-11
1.44996230207461e-11
6.97214614627072e-12
3.32967701127615e-12
1.5795240454616e-12
7.44388970147235e-13
3.48564091613574e-13
1.6219308232217e-13
7.50076255195573e-14
3.44791773536295e-14
1.57557948076817e-14
7.15826623842501e-15
3.23377875100932e-15
1.45277106792941e-15
6.49107612002544e-16
2.88480082084564e-16
1.27538214512149e-16
5.60963727286498e-17
2.45494975069873e-17
1.06906997352725e-17
4.63304575387797e-18
1.99831598044939e-18
8.57902649312357e-19
3.66628564851283e-19
1.55979036431623e-19
6.6068443779572e-20
2.7864110672514e-20
1.17018366738144e-20
4.89389022939499e-21
2.03834940965467e-21
8.45584885646617e-22
3.49434601098429e-22
1.43528601025155e-22
6.16133528573286e-23
