0
4.27968681481604e-12
2.75941286743954e-11
1.29403886560559e-10
5.23252334226074e-10
1.92460742372007e-09
6.59326912531024e-09
2.13000560942914e-08
6.53580734330345e-08
1.91330922990674e-07
5.35907129245118e-07
1.43899791422596e-06
3.70933071307126e-06
9.18832653014221e-06
2.18887425939839e-05
5.01785382518874e-05
0.000110751440050246
0.000235451504976604
0.000482318769226143
0.000952326848979952
0.00181291694537405
0.00332824649595213
0.00589374402113713
0.0100689987928256
0.0165986045451234
0.0264064260271836
0.0405467258764276
0.0600979618726238
0.0859937607653686
0.118801018218993
0.158475120305995
0.204141813701177
0.253967015980998
0.305172703357205
0.354234999031847
0.397261724535552
0.430499841120784
0.450882210142087
0.456502165033834
0.446912613811567
0.423183610413487
0.387708410510131
0.343806216197452
0.295212862175293
0.245567078395539
0.197987587927292
0.15480229994958
0.117447961528648
0.086519996862557
0.0619270931479851
0.0430965642943942
0.0291822912960583
0.0192414762371384
0.0123633297289628
0.00774733862313849
0.00473844251955156
0.00283095244551466
0.00165345066097882
0.000944838430190889
0.000528656864362304
0.000289852833517794
0.000155847404744478
8.22362935242678e-05
4.26171757962031e-05
2.17054702578992e-05
1.08721076038879e-05
5.35926104487169e-06
2.60147147593815e-06
1.24429161308234e-06
5.86772503496987e-07
2.72964992657769e-07
1.25333929425989e-07
5.68302645742008e-08
2.54598007006814e-08
1.12745713419924e-08
4.93754371477544e-09
2.13931611888213e-09
9.17425244022761e-10
3.89554729926029e-10
1.63844097537699e-10
6.82829897701401e-11
2.82072878740734e-11
1.15536175951572e-11
4.69371513736872e-12
1.89184494112329e-12
7.567396265272e-13
3.00480276232227e-13
1.18469101938976e-13
4.63895176572647e-14
1.80451890482928e-14
6.97471473613232e-15
2.67921261400073e-15
1.02303807253066e-15
3.88386901824475e-16
1.46624347612762e-16
5.50545757873756e-17
2.05636547565073e-17
7.6418293028998e-18
2.82586950202642e-18
1.0399904883574e-18
3.809703557207e-19
1.38930322814621e-19
5.04433605995515e-20
1.8237564194505e-20
6.56656216234731e-21
2.35487658821223e-21
8.41212241050709e-22
2.99362183563696e-22
1.06141934267823e-22
3.74989262908894e-23
1.32018222368339e-23
4.63203704526229e-24
1.61983829945562e-24
5.64637586969033e-25
1.96201366643059e-25
6.79677267291822e-26
2.34749706668843e-26
8.08427205232389e-27
2.77613869841184e-27
9.50682583795477e-28
3.24677945153536e-28
1.10591225009676e-28
3.75721456275437e-29
1.27325296331094e-29
4.30419390401545e-30
1.45151535772997e-30
4.88345926886395e-31
1.63920144742754e-31
5.48981722165227e-32
1.83453295096375e-32
6.1172444321112e-33
2.03548923068475e-33
6.75902101878149e-34
2.23985324521793e-34
7.40788633213322e-35
2.44526362161294e-35
8.05621085934118e-36
2.64927077309439e-36
8.69617754025102e-37
2.84939491987164e-37
9.3199657380588e-38
3.04318390754712e-38
9.91993137942122e-39
3.22826884928208e-39
1.0488777272989e-39
3.40241622266448e-40
1.10196772992087e-40
3.56381938379502e-41
1.14871614345318e-41
3.86218948587783e-42
0
