2.52939275209014e-11
1.62570516730805e-10
7.58659236641692e-10
3.04937384778947e-09
1.11336913204739e-08
3.78056580556005e-08
1.20844041807378e-07
3.66133669450406e-07
1.055845047409e-06
2.90568068396497e-06
7.64434087884865e-06
1.92489276701823e-05
4.64342303750019e-05
0.000107383726243856
0.000238205933115433
0.000507090288524747
0.00103636050115648
0.00203413203663265
0.00383547972506999
0.00694935536777272
0.0121018110062061
0.0202591242145286
0.0326082459130949
0.0504699798648415
0.0751263954146853
0.107561000036715
0.148137669096796
0.196276675753648
0.250212710646084
0.306927459480669
0.362327878473615
0.411689282027316
0.450310594292751
0.474259386226495
0.481042144276338
0.470039392503069
0.442598853998202
0.401767252093581
0.351733923612639
0.297126773557283
0.242323327254079
0.190914352672995
0.145398989289738
0.107121773189874
0.0764055435293998
0.0528032985348031
0.0353885974934651
0.0230210335177152
0.0145496163226695
0.00894251216739917
0.00535021956890461
0.00311899159976862
0.00177343188487023
0.000984459018471178
0.000534052721888256
0.000283392089134562
0.000147235801557714
7.49645467527657e-05
3.74367594758017e-05
1.83531581188654e-05
8.83996585117659e-06
4.18659249741382e-06
1.95105731416177e-06
8.95350777724307e-07
4.04884014816446e-07
1.80537984126191e-07
7.94290971406025e-08
3.45002995792644e-08
1.48028196694862e-08
6.27737393487863e-09
2.63235912477452e-09
1.09208388132736e-09
4.48445586245215e-10
1.82345548047236e-10
7.34498798123696e-11
2.93202055336988e-11
1.1603353733515e-11
4.55399834398146e-12
1.77312481548671e-12
6.85108982011467e-13
2.62774782863966e-13
1.00077048971182e-13
3.78554940844359e-14
1.42258397265072e-14
5.3123520509967e-15
1.97176825565673e-15
7.27579049718409e-16
2.66962555073196e-16
9.74209907702702e-17
3.53646047108165e-17
1.27725409357461e-17
4.59042093246832e-18
1.64197088868873e-18
5.84633747837476e-19
2.07239465648558e-19
7.31463996925532e-20
2.57101349022829e-20
9.00042598835035e-21
3.1385064254938e-21
1.09027445678149e-21
3.77355703242458e-22
1.30141433134349e-22
4.47275573749671e-23
1.53205084183359e-23
5.2305970786823e-24
1.78012072257846e-24
6.03957183927778e-25
2.04295236554517e-25
6.89034814642607e-26
2.31733594258116e-26
7.77203057602337e-27
2.59961597175992e-27
8.67248237146994e-28
2.88580114605357e-28
9.57869322670039e-29
3.17168561183346e-29
1.0477173748887e-29
3.45297566608101e-30
1.13543576415303e-30
3.72541600094137e-31
1.219699368875e-31
3.98491010605594e-32
1.29925115723701e-32
4.22763017222717e-33
1.37293481777528e-33
4.45011274703818e-34
1.43972240955075e-34
4.64933739690506e-35
1.49873632672611e-35
4.82278665920011e-36
1.54926519425974e-36
4.96848656072326e-37
1.59077361340119e-37
5.08502788522073e-38
1.62290594408821e-38
5.17156915639183e-39
1.64548453677588e-39
5.22782294060127e-40
1.65850300329696e-40
5.25402755426982e-41
1.66211524331814e-41
5.250906584198e-42
1.65662102143842e-42
5.21961878026085e-43
1.64244910084641e-43
5.16168717155691e-44
1.62024524818802e-44
5.07067731315533e-45
1.6546903821993e-45
