0
8.98850432678622e-10
5.72110862691569e-09
2.63409586565254e-08
1.04336875570931e-07
3.74637834770704e-07
1.24759600209142e-06
3.89451384246235e-06
1.14592068099522e-05
3.18757040083626e-05
8.39695401328593e-05
0.000209714936474309
0.000496979534613171
0.00111823020178698
0.00239024085368573
0.00485587837893016
0.00937944464436238
0.017230994010967
0.0301151033486104
0.0500835806835954
0.0792723797747389
0.11943405231297
0.171304094924051
0.233930806238977
0.304180542857736
0.376656973633539
0.444205781772749
0.49901196604084
0.534082566207493
0.544729918471633
0.529617174657124
0.491039710570405
0.434358712218224
0.366778326523095
0.295851350399446
0.228138228355245
0.168332046387751
0.118965039121408
0.0806202480203333
0.0524536727389479
0.0328089222848556
0.0197563686805802
0.0114701115296225
0.00643049517257228
0.00348678876396936
0.00183150981692902
0.000933459605714016
0.000462359758465434
0.000222919038674694
0.000104776666790008
4.80815497118817e-05
2.15729612959881e-05
9.4765765161648e-06
4.08100083082004e-06
1.72499383901506e-06
7.16497884081368e-07
2.92764570688886e-07
1.17797937400793e-07
4.67177943183044e-08
1.82782343023944e-08
7.06071235376981e-09
2.69497738049308e-09
1.01709248843728e-09
3.79794692486677e-10
1.40405597831781e-10
5.1417630649651e-11
1.86620477250655e-11
6.7164137008584e-12
2.39796518536735e-12
8.49685544226866e-13
2.98918964727871e-13
1.04444816569915e-13
3.62581845380524e-14
1.2509749975984e-14
4.29084845604185e-15
1.46355773917179e-15
4.96547852537797e-16
1.67610878918291e-16
5.63030392401843e-17
1.88253307067774e-17
6.26644883174093e-18
2.07706575044894e-18
6.85655211326069e-19
2.25455356756059e-19
7.38555052453079e-20
2.41066668395458e-20
7.84123173990313e-21
2.54203637339505e-21
8.2145540077732e-22
2.64632078918725e-22
8.49974836722254e-23
2.72220618488424e-23
8.69423268719779e-24
2.76935428086631e-24
8.79837458904453e-25
2.7883081441024e-25
8.81514333182154e-26
2.78036926267774e-26
8.74968997280355e-27
2.74745778163579e-27
8.60889162199073e-28
2.69196645138119e-28
8.4008903864436e-29
2.61661701996818e-29
8.13465150696814e-30
2.52432582095221e-30
7.81955891091769e-31
2.41808335684186e-31
7.46506044427776e-32
2.30085088637426e-32
7.08036973873565e-33
2.17547547380852e-33
6.67422720532468e-34
2.0446236908377e-34
6.25471909980977e-35
1.91073318526707e-35
5.82915096414271e-36
1.77598063108433e-36
5.4039699416335e-37
1.64226412282837e-37
4.98472938339964e-38
1.51119783582031e-38
4.57608868510005e-39
1.38411670228722e-39
4.18184128738319e-40
1.26208891172555e-40
3.80496411870071e-41
1.14593419519554e-41
3.44768234562045e-42
1.03624606542203e-42
3.11154403003349e-43
9.33416430757766e-44
2.79750009848724e-44
8.3766125986369e-45
2.50598584704125e-45
7.49046229174519e-46
2.23700099188852e-46
6.67511525289322e-47
1.99018600152077e-47
5.92895191768566e-48
1.76489309188456e-48
5.24954600103752e-49
1.56025082239666e-49
4.63385786152776e-50
1.37522169051116e-50
4.07840564152963e-51
1.2086496390826e-51
3.57962935864328e-52
1.05767847807622e-52
3.2561416006215e-53
0
