1.47384639571821e-28
9.83606206658309e-28
4.8483235201816e-27
2.09243031864777e-26
8.34097412951467e-26
3.14539358536505e-25
1.13657857335857e-24
3.96591348970488e-24
1.34304233268301e-23
4.42941386745646e-23
1.42626967926559e-22
4.49232307928904e-22
1.3860620380517e-21
4.19404550413218e-21
1.2457265490589e-20
3.63479566096567e-20
1.04250665398524e-19
2.94069879118942e-19
8.16192945675465e-19
2.22985434749554e-18
5.99860731696688e-18
1.58944535284094e-17
4.14933072649426e-17
1.06745937476143e-16
2.70681474860907e-16
6.76680447241649e-16
1.66802659259189e-15
4.0549568592098e-15
9.72293360322993e-15
2.29982632497813e-14
5.36702688054116e-14
1.23584480816999e-13
2.80822864564977e-13
6.29771704102366e-13
1.39398130593685e-12
3.04573644917842e-12
6.56939527532834e-12
1.39891141129806e-11
2.94116174849166e-11
6.10578995773099e-11
1.25166419952297e-10
2.53386862902815e-10
5.06589924671069e-10
1.00029893314058e-09
1.95086532856784e-09
3.75812579845755e-09
7.1512695286495e-09
1.3442594216622e-08
2.496264076687e-08
4.57956250154001e-08
8.30044174761448e-08
1.48641179580702e-07
2.6299897815084e-07
4.59792148885469e-07
7.94285395679407e-07
1.35585583370681e-06
2.28710542305727e-06
3.81248278725826e-06
6.28046009152466e-06
1.02246691110225e-05
1.64510359963835e-05
2.61598349549629e-05
4.11136198744583e-05
6.38640254879796e-05
9.80521930032432e-05
0.000148798689663165
0.000223198752818728
0.000330936874484933
0.00048503044323191
0.000702704643305184
0.00100638941591303
0.00142481356184372
0.00199415092720924
0.00275914953722932
0.00377414772427033
0.0051038537906757
0.00682374051670991
0.00901988666749767
0.0117880889753725
0.0152320744816254
0.0194606688431138
0.0245838243833962
0.0307074835700483
0.0379273479136617
0.0463217345540185
0.0559438251973412
0.0668137336007509
0.0789109250238508
0.0921675993331507
0.10646368457838
0.121624068114658
0.137418610377881
0.153565340987678
0.169737033916482
0.185571111464768
0.200682555903582
0.214679238058406
0.227178831347976
0.237826294552718
0.246310799365511
0.252380964829534
0.255857345855165
0.256641302283418
0.254719633213816
0.250164674556305
0.243129896000805
0.233841364340979
0.222585732190689
0.209695638346444
0.195533549879566
0.180475127497551
0.164893155801601
0.149142959017954
0.133550038210272
0.118400440304672
0.103934126772686
0.0903413738467797
0.0777620266337344
0.0662872612860046
0.0559633913290627
0.0467971890798921
0.0387621781329203
0.0318053811424875
0.0258540687540117
0.0208221393534125
0.0166158541907824
0.0131387484286939
0.0102956277341966
0.00799563646447661
0.0061544439573875
0.00469563876784561
0.00355144750569789
0.00266290713823087
0.00197961991913755
0.00145921152684633
0.00106659853093778
0.000773153640361592
0.000555838533941108
0.000396356102574605
0.000280357775601062
0.000196727910688461
0.000136956251359989
9.46011559736014e-05
6.48404330146104e-05
4.41028273478485e-05
2.97709700143056e-05
1.99476418029267e-05
1.32439717076543e-05
9.11167606673756e-06
