0
5.58165372859616e-19
3.67136751216202e-18
1.77190175690623e-17
7.43960149642685e-17
2.86696079398513e-16
1.03866231679078e-15
3.58345462327542e-15
1.18650177090561e-14
3.78931299982329e-14
1.17133968857212e-13
3.51331463378699e-13
1.02439564698239e-12
2.90770782177765e-12
8.04356991079345e-12
2.17044133016818e-11
5.71692950406934e-11
1.47079934011144e-10
3.69775661577257e-10
9.08873475847304e-10
2.18478558351869e-09
5.13799697520947e-09
1.1824451305767e-08
2.66366082594841e-08
5.87468704753913e-08
1.2687785830054e-07
2.68386936240935e-07
5.56139016458366e-07
1.12906165771192e-06
2.24607718122958e-06
4.37884961401507e-06
8.36710187743272e-06
1.56717411030931e-05
2.87760137889283e-05
5.18031422001337e-05
9.14390509307227e-05
0.000158267929784206
0.000268641354482828
0.000447200791400725
0.000730148359425517
0.00116929992557261
0.00183684656617082
0.00283058734886598
0.00427917847879951
0.0063466841520611
0.00923544310004163
0.0131860309611148
0.0184729683476079
0.0253948729627
0.0342580516756096
0.0453531214611156
0.0589251379743517
0.0751388358487239
0.0940418127467413
0.115529621987461
0.139317538310792
0.16492399216457
0.191670149336763
0.218698773004063
0.245013420581011
0.269536434689009
0.291181459781374
0.308933805406855
0.32193032907212
0.32952997155675
0.331366811210414
0.327379452124822
0.317813441808831
0.303196772097688
0.284291813310327
0.262029748790823
0.237435318303264
0.21155023785022
0.185363050114605
0.159751579721548
0.135441965045248
0.112985816990884
0.0927547977703464
0.0749501162247604
0.0596232742820189
0.0467039139778159
0.0360307355279415
0.0273820362693661
0.0205032744868338
0.0151300109254083
0.0110054755148098
0.00789274606141992
0.00558205829207669
0.00389408547613984
0.00268015568211532
0.00182035862817632
0.00122038112547445
0.000807746071650317
0.000527951737709804
0.000340841506108034
0.000217394265899874
0.000137018425733434
8.5357636893499e-05
5.25696099485169e-05
3.20148607349548e-05
1.92835721745808e-05
1.14904167817848e-05
6.77467912643888e-06
3.95309551273045e-06
2.28334306785632e-06
1.30580579241422e-06
7.3951405169226e-07
4.14820375164198e-07
2.30517252621207e-07
1.26928418397036e-07
6.92639429409758e-08
3.74651722042398e-08
2.00908420639706e-08
1.06830327876392e-08
5.63367196790728e-09
2.94687768550247e-09
1.52924704046597e-09
7.87422901221831e-10
4.02366317560111e-10
2.04072828172921e-10
1.02745789141845e-10
5.13596401510884e-11
2.54930233150229e-11
1.25667518519784e-11
6.15299459991288e-12
2.99274630291438e-12
1.44620497636978e-12
6.9441923174697e-13
3.31359640362424e-13
1.57150661422428e-13
7.40837634972979e-14
3.47192497559405e-14
1.61773410952724e-14
7.49516729813475e-15
3.4533421310954e-15
1.58244110130236e-15
7.21256364614666e-16
3.27016249149418e-16
1.47505748621484e-16
6.61987589261957e-17
2.95619034070785e-17
1.31369931347991e-17
5.81003878047686e-18
2.55752033676697e-18
1.12060561747271e-18
4.88782880537838e-19
2.12246965446328e-19
9.17718486076938e-20
3.94217874528218e-20
1.76993273498024e-20
0
