5.99079708856823e-17
3.92219374178225e-16
1.88018831497182e-15
7.82466725153199e-15
2.98255975134367e-14
1.06656008374246e-13
3.62441795468236e-13
1.17949778979648e-12
3.69428603773743e-12
1.11743746985072e-11
3.2721719218816e-11
9.2929438924443e-11
2.5631320756668e-10
6.87311201704031e-10
1.79337045410953e-09
4.55638401564229e-09
1.12785062400455e-08
2.7212668909347e-08
6.40258576032139e-08
1.46945567949253e-07
3.29084239425787e-07
7.19323267907867e-07
1.53501110813722e-06
3.19861843662268e-06
6.50969685012041e-06
1.29414375240876e-05
2.51360390868139e-05
4.77053221721594e-05
8.84810438713387e-05
0.000160398399309972
0.000284226723250193
0.000492367904714596
0.000833903766544251
0.00138096241544724
0.00223626427909666
0.00354138349125862
0.00548482141315307
0.0083084707168901
0.0123105278073142
0.0178425117152268
0.025297928787386
0.0350904545834036
0.0476204245180273
0.0632299832114869
0.0821493504455418
0.104439058784242
0.129935278209563
0.158206931016861
0.188533677633491
0.219912620412015
0.251098604474789
0.28067854287461
0.307174896481562
0.329168235111988
0.345424747778187
0.35501258146525
0.357391530845228
0.352463910513536
0.340579886495903
0.322497133824
0.299301192022163
0.272298122830515
0.24289415327144
0.212477515400881
0.182315809451843
0.153478511433938
0.12678958805394
0.102810497388094
0.0818499272082498
0.0639939607628763
0.0491491415043652
0.0370910174766905
0.027511859107942
0.0200629413489557
0.0143886507491192
0.0101513912111116
0.00704760985556432
0.0048161600637678
0.00324067572197219
0.00214772769031778
0.00140237908063747
0.000902459467333123
0.000572531243941459
0.000358189110265552
0.000221054250233675
0.000134613666179346
8.09118973412964e-05
4.80171312545682e-05
2.81427531654815e-05
1.62947469140715e-05
9.32312432951154e-06
5.27264124790288e-06
2.9482598404083e-06
1.63038330060279e-06
8.91894381011102e-07
4.82778403260994e-07
2.58643444967354e-07
1.37176733705188e-07
7.20424428057318e-08
3.74737010691641e-08
1.9310506680064e-08
9.86020551500995e-09
4.98996323961442e-09
2.50333669988605e-09
1.24520486612439e-09
6.14255016440135e-10
3.00557384823791e-10
1.45901260209036e-10
7.02786750205997e-11
3.35968624180717e-11
1.59426358718519e-11
7.51071550610307e-12
3.51344990270073e-12
1.6322511670674e-12
7.53196927479453e-13
3.4527417203402e-13
1.57259712747782e-13
7.11755347555419e-14
3.20157866411158e-14
1.43145073000358e-14
6.36245010046162e-15
2.81166455072468e-15
1.23551373560682e-15
5.39919396731748e-16
2.34670461042074e-16
1.01457818466083e-16
4.36373422024967e-17
1.86734040127985e-17
7.95108857436315e-18
3.36908371005799e-18
1.42076461419892e-18
5.96347519739932e-19
2.49163462829275e-19
1.03637410722618e-19
4.29175122634612e-20
1.7696028854052e-20
7.2656904263152e-21
2.97079913624208e-21
1.20976108572272e-21
4.90670038635335e-22
1.98232967288031e-22
7.97793673224911e-23
3.19863571919024e-23
1.27769967945731e-23
5.0852490803961e-24
2.01670320452547e-24
7.97056831195866e-25
3.1326309182447e-25
1.28652392865005e-25
