0
8.55010141789459e-26
5.68758723569405e-25
2.79027124518453e-24
1.1968230347112e-23
4.73488075284718e-23
1.76962267028858e-22
6.32888864276766e-22
2.18277804487404e-21
7.29652543250233e-21
2.37224129586152e-20
7.52021048058168e-20
2.32888024172133e-19
7.05570776037266e-19
2.09366873538697e-18
6.0904648367906e-18
1.73818914820382e-17
4.8699194997099e-17
1.34015793180092e-16
3.62407504757383e-16
9.63420565316073e-16
2.51860915475529e-15
6.47682857814788e-15
1.63883983204868e-14
4.08118571687234e-14
1.00047140277228e-13
2.41476715645202e-13
5.73950204301251e-13
1.34360321340435e-12
3.09834269658773e-12
7.0389546477215e-12
1.57565613357689e-11
3.47567870446036e-11
7.55595818099575e-11
1.61903010554943e-10
3.41961059346074e-10
7.12021453647982e-10
1.46163936617468e-09
2.95836684411056e-09
5.90419164768066e-09
1.1619720758838e-08
2.25520653853272e-08
4.31677466459542e-08
8.14967885816919e-08
1.51758839080022e-07
2.78755205417105e-07
5.05090777076661e-07
9.02847221565029e-07
1.59212585223908e-06
2.76998762180482e-06
4.7548159857405e-06
8.0530871364915e-06
1.34579987725368e-05
2.21923803380751e-05
3.61116958022683e-05
5.79865359311213e-05
9.18873837336816e-05
0.000143697003422121
0.000221776673288725
0.0003378105222403
0.000507846092628778
0.000753537493983494
0.0011035787844223
0.00159528854688738
0.00227627177795777
0.00320604307425328
0.00445744810128139
0.00611767268436061
0.00828858668837132
0.0110861409524171
0.0146385288024542
0.0190828480316964
0.0245600623277142
0.0312081675420379
0.0391536178345103
0.0485012533178642
0.0593231811321551
0.0716472757778634
0.0854461563361083
0.100627639170745
0.117027726701023
0.134407152638762
0.15245234781247
0.170781417517955
0.188955345739041
0.206494193607395
0.222897582475718
0.237668298072147
0.25033747580025
0.260489577638269
0.267785285165641
0.271980529592796
0.272940155087765
0.270645140792702
0.265192845013237
0.256790323907269
0.245741352569267
0.232428277401919
0.21729020446482
0.200799245302448
0.183436586136222
0.165670025615761
0.14793436626536
0.130615684600995
0.114040091274223
0.0984671729950699
0.0840879247908264
0.0710266671944135
0.0593462188549863
0.0490554686190054
0.040118458421091
0.0324641361542736
0.0259960467790036
0.0206013782833114
0.0161589450600139
0.0125458558758054
0.00964276218496088
0.00733770533764131
0.00552867336158938
0.00412503879043273
0.00304808104565075
0.00223080485415156
0.00161725586290816
0.00116151192320222
0.000826498884527486
0.000582747667547932
0.000407178272075288
0.000281968495903065
0.000193541767597925
0.000131690093105946
8.88345491987326e-05
5.94165075112997e-05
3.94071167910976e-05
2.59197182551944e-05
1.69090628337744e-05
1.09417756828933e-05
7.02393055314169e-06
4.47343989922383e-06
2.82693991842381e-06
1.77275774873211e-06
1.10327553590286e-06
6.8149701256215e-07
4.1786165489557e-07
2.54350454384288e-07
1.53711509056065e-07
9.22351005133371e-08
5.4959385953397e-08
3.25256208278478e-08
1.90782158065926e-08
1.16508032318242e-08
0
