0
4.79163614076669e-26
3.18845207894683e-25
1.56495029302227e-24
6.71657485120767e-24
2.65919994839127e-23
9.94731492608044e-23
3.56118315561706e-22
1.2296340668559e-21
4.11565709761551e-21
1.33997190210169e-20
4.25439005425541e-20
1.31971915056566e-19
4.00551615121813e-19
1.19087413237322e-18
3.47140097995774e-18
9.92897266541893e-18
2.78829391282826e-17
7.69199255382037e-17
2.0854647741501e-16
5.55905751965159e-16
1.4574124301748e-15
3.75904448687419e-15
9.54117696988615e-15
2.38374199863471e-14
5.86330047632408e-14
1.42015091227333e-13
3.38775851990517e-13
7.96059498807451e-13
1.84288193952597e-12
4.20365561885977e-12
9.44906131687491e-12
2.09330489908537e-11
4.57093938954106e-11
9.8390081257148e-11
2.08790616131632e-10
4.36840404806698e-10
9.01203455823338e-10
1.8333486437272e-09
3.67808236204624e-09
7.27750053609159e-09
1.42022137063391e-08
2.73382001944426e-08
5.19098228205346e-08
9.72342548906731e-08
1.79681060230252e-07
3.27582426983435e-07
5.89243951886572e-07
1.04579337287162e-06
1.83143665397582e-06
3.16483718441415e-06
5.39686662650385e-06
9.08195783529171e-06
1.50827560625436e-05
2.47206944632688e-05
3.99884039678958e-05
6.38432640251431e-05
0.000100604490640077
0.000156478305215316
0.000240236053990447
0.000364067540521482
0.000544624999903993
0.000804260730635913
0.00117244219260025
0.00168730157560442
0.0023972423957301
0.00336248466846393
0.00465638519486781
0.00636632475071066
0.00859391551299182
0.0114542574188351
0.0150739697379566
0.0195877522412013
0.0251332957840417
0.0318444686815154
0.039842852118002
0.049227878325077
0.0600660261419407
0.0723797302991609
0.0861368388080621
0.101241580158088
0.117528052532274
0.134757199845581
0.152618082030955
0.170733979981352
0.188673513610702
0.205966523727063
0.22212401610941
0.236661038463524
0.249121008701262
0.259099782023122
0.266267668552185
0.270387709524072
0.271328784687521
0.269072532392498
0.263713574718869
0.255453098282393
0.24458638706125
0.231485379279843
0.216577678538541
0.200323658087848
0.18319334342392
0.165644648634267
0.148104299737367
0.130952440043621
0.114511521842661
0.0990396900714039
0.0847284971510139
0.0717044852984159
0.0600339534647625
0.0497300988035356
0.040761684356162
0.0330624237315783
0.026540372270685
0.0210867520277012
0.0165837944165264
0.0129113414405394
0.00995208977510081
0.00759548189444738
0.00574033979165729
0.00429639852973476
0.00318493093670452
0.00233866540220063
0.00170119126072124
0.00122602623871492
0.000875493095322346
0.00061952228790658
0.000434467613468713
0.00030199463333431
0.000208078637913387
0.000142130513971292
9.62551071615472e-05
6.46370989090813e-05
4.30433870510164e-05
2.84277367144074e-05
1.86223286386263e-05
1.21011305295633e-05
7.8012167542483e-06
4.98984580960294e-06
3.16697010532721e-06
1.99469384024558e-06
1.2468868723288e-06
7.73640385258719e-07
4.76491207375019e-07
2.91350901914942e-07
1.76874528452003e-07
1.06620627356859e-07
6.38300742405891e-08
3.78721154776218e-08
2.3386842487634e-08
0
