4.68236559752932e-28
3.12317254091314e-27
1.53822501756776e-26
6.63173961630362e-26
2.64020899895339e-25
9.94123619003571e-25
3.58599024683027e-24
1.24881705048854e-23
4.21982083283953e-23
1.38836278587554e-22
4.45877055540485e-22
1.40038088698943e-21
4.30749688037304e-21
1.29911707010356e-20
3.84518042004714e-20
1.11778699385041e-19
3.19337026778152e-19
8.9705447757085e-19
2.47893681473325e-18
6.74155401059439e-18
1.80489291807588e-17
4.75850680249409e-17
1.23575916181813e-16
3.16187318274998e-16
7.97251863643742e-16
1.98139548279998e-15
4.85453525894093e-15
1.1727209870538e-14
2.79367689232354e-14
6.5637333078195e-14
1.52115451187321e-13
3.4777136748643e-13
7.84439292609453e-13
1.74587713987815e-12
3.83440360900966e-12
8.31094143476828e-12
1.77789869229781e-11
3.75406885617852e-11
7.82470584504972e-11
1.61003285240608e-10
3.27062790996117e-10
6.55970756337926e-10
1.2990343361651e-09
2.54017817761695e-09
4.90499443390333e-09
9.35332269346796e-09
1.7614389971713e-08
3.27615045832321e-08
6.01830161441869e-08
1.09198435484559e-07
1.95708149770016e-07
3.46472163947592e-07
6.0591392333467e-07
1.04677224674763e-06
1.78651662710043e-06
3.01224191839552e-06
5.01781141630545e-06
8.25835968044883e-06
1.34289179012264e-05
2.15758723569491e-05
3.42521453888929e-05
5.37292573993677e-05
8.32815457646774e-05
0.000127559416303086
0.000193069079526654
0.000288775131714287
0.000426838817255406
0.000623498029648686
0.000900084283571302
0.00128415640064958
0.0018107102266015
0.0025233986188071
0.00347566725012501
0.00473168143606248
0.00636689020259364
0.00846805015963285
0.0111325182116417
0.0144666238934629
0.0185829541201853
0.0235964293402646
0.0296191225583698
0.0367538707836857
0.0450868480559143
0.0546794023902905
0.0655595941476057
0.0777139958464955
0.0910804069536303
0.105542185505634
0.120924887663774
0.136995827232895
0.15346701719603
0.170001739888935
0.186224725549855
0.201735622457013
0.216125143508299
0.228993004757045
0.239966561369763
0.248718921547734
0.254985296998957
0.258576436743085
0.259388184534448
0.25740648232036
0.252707486182614
0.245452833485754
0.235880463947986
0.224291718041327
0.21103568411041
0.196491920330624
0.181052729409496
0.165106114427444
0.149020405474185
0.133131339048796
0.117732121051347
0.103066736946031
0.0893265152702734
0.0766497249576635
0.0651238088212213
0.0547897340097109
0.0456478774507437
0.0376648563508188
0.0307807522239726
0.0249162502193997
0.0199793110557765
0.0158710983184881
0.0124909884415893
0.0097405859049361
0.00752674623632766
0.00576367119600984
0.00437418328231358
0.00329031156029291
0.00245333021925849
0.00181338839359584
0.00132885806223162
0.000965509555067185
0.000695604199881172
0.000496973229550183
0.00035213290437292
0.000247468961234593
0.000172509538823581
0.000119294796077156
8.18433946458754e-05
5.57105223934567e-05
3.76287630685488e-05
2.52214088921682e-05
1.67773341556667e-05
1.10768655362256e-05
7.25973343412592e-06
4.71470169675274e-06
3.17603501532539e-06
