0
8.27018221657445e-29
5.52078091069918e-28
2.72232529196926e-27
1.17549306716476e-26
4.68874744447563e-26
1.76943852807564e-25
6.39924876312223e-25
2.23506306863904e-24
7.57705938212049e-24
2.50189264226489e-23
8.06644337141428e-23
2.5442264740002e-22
7.8617255331499e-22
2.38267419549461e-21
7.08918488509568e-21
2.0722458312094e-20
5.95488455560699e-20
1.68315368687791e-19
4.68155596686103e-19
1.28186837021963e-18
3.45646604899909e-18
9.18095263280407e-18
2.40284537295893e-17
6.19797880132062e-17
1.57599032763555e-16
3.95112018688654e-16
9.76846873983696e-16
2.38200116025972e-15
5.72968245895663e-15
1.35972493976734e-14
3.18388856023117e-14
7.35701022007005e-14
1.67775476403342e-13
3.77644361513346e-13
8.3908489051239e-13
1.84049906096469e-12
3.98573330252609e-12
8.52232018926928e-12
1.79935379793777e-11
3.75158480370431e-11
7.72469291687268e-11
1.5708807305735e-10
3.15519814319073e-10
6.25973755304101e-10
1.22674730190213e-09
2.37490325688098e-09
4.54202844701583e-09
8.58197432375287e-09
1.60205497258516e-08
2.95487432153027e-08
5.3850502503609e-08
9.697206602379e-08
1.7255437047681e-07
3.03419384069031e-07
5.27246509638639e-07
9.0542302559569e-07
1.53663467958916e-06
2.57741483921006e-06
4.27273005571989e-06
7.00077963996111e-06
1.13375481052167e-05
1.8148269938842e-05
2.87148054534943e-05
4.49098868855137e-05
6.94311006974488e-05
0.000106109053507213
0.000160305041339276
0.000239413203595816
0.000353479986499597
0.000515949086171279
0.0007445322019461
0.00106219430969734
0.00149822638871589
0.00208935861019685
0.00288084347639044
0.00392741254952394
0.00529398431058023
0.00705597727189661
0.00929906542759404
0.0121182066776236
0.0156157833380524
0.0198987211418919
0.0250745020087614
0.0312460572397486
0.0385056200871561
0.046927725275411
0.0565616602606014
0.0674237881405788
0.0794902622971558
0.0926907242080011
0.106903605163945
0.121953629074449
0.137612030630932
0.15359986014806
0.169594549557403
0.185239676428581
0.200157603935797
0.213964418327296
0.226286357714839
0.236776751960852
0.245132394109631
0.251108253301032
0.254529522568755
0.255300167538671
0.253407389270609
0.248921713595454
0.241992741940048
0.23284091414546
0.221745912762927
0.209032555939199
0.195055164714353
0.180181441695341
0.164776862371078
0.149190467227765
0.133742768734557
0.118716273232075
0.104348886682744
0.0908302472562029
0.0783008258789256
0.066853472509932
0.0565369697413003
0.047361089359825
0.0393026295588018
0.0323119342362177
0.0263194521414544
0.0212419720424965
0.0169882600185595
0.0134639168810965
0.0105753597828926
0.00823290664059572
0.0063530016647546
0.00485966373100271
0.00368526692780142
0.00277077604755547
0.00206556152162194
0.00152691117809168
0.00111934307528678
0.000813807127229751
0.000586845457927374
0.000419764062907982
0.000297852572086818
0.00020967538566094
0.000146446494634491
0.000101491903308613
6.97975503655531e-05
4.76364834789508e-05
3.22696375870771e-05
2.1660997416165e-05
1.50585082470978e-05
0
