0
6.53475736359033e-15
4.25477822672614e-14
2.02327747533751e-13
8.33181919543507e-13
3.13462134115078e-12
1.10352785353503e-11
3.6820079850634e-11
1.17327027659178e-10
3.58795522237561e-10
1.05650132161434e-09
3.00249658841716e-09
8.24946528672633e-09
2.19410357520102e-08
5.65465987739985e-08
1.41323304796001e-07
3.4273132246317e-07
8.06962393496202e-07
1.84545284674805e-06
4.10077297672873e-06
8.85692252452638e-06
1.8598508521551e-05
3.79805354697551e-05
7.54448067084517e-05
0.000145804311637369
0.000274197061175167
0.000501854256275521
0.000894085414668525
0.00155069070378901
0.00261859906865989
0.00430584786738495
0.00689506403982962
0.0107534659201299
0.0163352877010728
0.0241717732043592
0.0348439217132884
0.0489344232523073
0.0669579712224835
0.0892733447097443
0.11598581286117
0.146853539924911
0.181215405125706
0.217958572085233
0.255541181941219
0.292078431169296
0.325489842354249
0.353693642421295
0.374823458806849
0.387435739174717
0.390675407218772
0.384372952878331
0.369057451433411
0.345884500556716
0.316492535342007
0.282812273181472
0.246859902879501
0.210544257893091
0.17551232514498
0.14304794321617
0.114027890783354
0.0889300707715015
0.0678817924672595
0.0507329418626531
0.0371389121463143
0.0266407054559676
0.0187334928988269
0.0129190556473786
0.0087411168206485
0.00580516310840401
0.00378583630720687
0.00242548396060274
0.00152726188645708
0.000945575103603062
0.000575882397426964
0.000345154205455342
0.000203665976679604
0.000118367297733448
6.77847765131544e-05
3.82644963297183e-05
2.13008106707962e-05
1.16977390681153e-05
6.33985088617126e-06
3.39226098341687e-06
1.7926288273631e-06
9.35914427396503e-07
4.82921099955351e-07
2.46351932072128e-07
1.24284463688576e-07
6.20291707965195e-08
3.0635603804345e-08
1.49774284571587e-08
7.2502569308195e-09
3.47612930901887e-09
1.65113283136009e-09
7.77186164404511e-10
3.62605814373e-10
1.67732498405499e-10
7.69440431187178e-11
3.50112246472617e-11
1.58055633845139e-11
7.08069192172034e-12
3.14842975918763e-12
1.38979727592423e-12
6.09160422388258e-13
2.65164577026196e-13
1.1465184696849e-13
4.92497264802926e-14
2.10211650457806e-14
8.9168296556464e-15
3.75952586303586e-15
1.57576166209148e-15
6.56669095923359e-16
2.72121508940458e-16
1.1214993737647e-16
4.59740490186002e-17
1.87482111357513e-17
7.60666487134937e-18
3.07091901155415e-18
1.23376564199537e-18
4.93328488016743e-19
1.96347949475395e-19
7.77945444898073e-20
3.06866175767911e-20
1.20522778167362e-20
4.713584284133e-21
1.83584480434082e-21
7.1213523856476e-22
2.75149610884136e-22
1.05899080506719e-22
4.06039399436492e-23
1.55107087608388e-23
5.90359208675614e-24
2.23900486685215e-24
8.4621270756402e-25
3.18728392116616e-25
1.19648889788715e-25
4.47684915215453e-26
1.6697076827609e-26
6.20783494497967e-27
2.30090334698609e-27
8.50239183216829e-28
3.1325188390981e-28
1.15074931312434e-28
4.21527747129974e-29
1.53976103917558e-29
5.60899381929923e-30
2.03770565320719e-30
7.38386521402943e-31
2.66328676769733e-31
1.00319230883956e-31
0
