0
5.46904966379438e-09
3.42642979977356e-08
1.56168464426954e-07
6.11856998329982e-07
2.17726033743138e-06
7.17872922172836e-06
2.21301163090851e-05
6.40268887961807e-05
0.000174178384362519
0.00044601689008495
0.0010759028677634
0.00244644862739134
0.00524655377839166
0.0106165740056883
0.0202782741096376
0.0365719296806856
0.0622934134041466
0.100229980489943
0.152362931460093
0.218845551114349
0.297039573830301
0.381019487176068
0.461931258022085
0.529365305616743
0.573520678686777
0.587557057821813
0.569353876374799
0.522046767955359
0.45315028595237
0.37260259253218
0.290432927281949
0.214799705193904
0.150893588728337
0.100807083607203
0.064135942583512
0.0389207194750281
0.0225671206549032
0.0125255453214898
0.00666815746793083
0.00341201844356153
0.00168171778545071
0.0008001849016141
0.00036837339067208
0.000164438932495317
7.13308943685575e-05
3.01310897287845e-05
1.24189280318926e-05
5.00388195236798e-06
1.97448692145083e-06
7.64262946441115e-07
2.90626722116467e-07
1.08728125520061e-07
4.00700393224978e-08
1.45639175682582e-08
5.22613548777155e-09
1.853311311836e-09
6.50075701391236e-10
2.25722425809924e-10
7.76419021442063e-11
2.64737187448862e-11
8.95347742262046e-12
3.00513420489528e-12
1.00149244560574e-12
3.31543596127412e-13
1.09074519293432e-13
3.56747527495006e-14
1.16039334771727e-14
3.75487367352168e-15
1.20909210409041e-15
3.8753903545725e-16
1.23672319839158e-16
3.93035052192104e-17
1.24418527837751e-17
3.92392163250341e-18
1.23315427244828e-18
3.8623446700118e-19
1.2058429575284e-19
3.75319803305126e-20
1.16477977017273e-20
3.6047441299264e-21
1.11261885970994e-21
3.42538576050258e-22
1.05198693756663e-22
3.22324167931015e-23
9.85367722072748e-24
3.00583822803052e-24
9.15021568670114e-25
2.77990592686478e-25
8.4293595482022e-26
2.55126553406268e-26
7.70801566732676e-27
2.32478641055581e-27
7.00008534217223e-28
2.1044002389766e-28
6.31657640816773e-29
1.89315455773215e-29
5.66581905917731e-30
1.69329264623435e-30
5.05374647642687e-31
1.50634864383443e-31
4.48420885970129e-32
1.3332491318629e-32
3.95929665709177e-33
1.17441458374122e-33
3.47965527231145e-34
1.02985599634628e-34
3.04477908272847e-35
8.99263615435958e-36
2.6532771617536e-36
7.82085955206955e-37
2.30310669639533e-37
6.77598306925963e-38
1.99177281247959e-38
5.84960667431375e-39
1.7164954836848e-39
5.03265534520737e-40
1.47434553377742e-40
4.31576353148552e-41
1.26235256919908e-41
3.68957592047604e-42
1.07758811597369e-42
3.14497518881168e-43
9.17227380802864e-44
2.67324752456169e-44
7.78592995229949e-45
2.2661962691934e-45
6.59183902094532e-46
1.9162132442034e-46
5.5669225877662e-47
1.61631634301492e-47
4.69010902695057e-48
1.36016089548983e-48
3.94233581036929e-49
1.14203122970243e-49
3.30649809685758e-50
9.56817817743709e-51
2.76735909614609e-51
7.99984433734069e-52
2.31143480959662e-52
6.67528892316705e-53
1.92686319829672e-53
5.55940182995493e-54
1.60326561933384e-54
4.62154168701542e-55
1.33160661010778e-55
3.83508620355062e-56
1.10411991110655e-56
3.17227596416293e-57
9.49267899100451e-58
0
