5.03739745163216e-23
3.33779841109598e-22
1.62818957766936e-21
6.93206915044024e-21
2.7175574477172e-20
1.00475577795831e-19
3.54894335179378e-19
1.20686977555481e-18
3.97134351572685e-18
1.26894931871389e-17
3.94706219474702e-17
1.19741346001145e-16
3.54800483261737e-16
1.02799378160726e-15
2.91515984130194e-15
8.09705151345638e-15
2.2042253981967e-14
5.88408363222853e-14
1.54095824735731e-13
3.96059690521734e-13
9.99389781635832e-13
2.47652421926467e-12
6.02834164616692e-12
1.44179204874965e-11
3.38881932002217e-11
7.82921012797216e-11
1.77822380483774e-10
3.97120683961772e-10
8.72146083389885e-10
1.88384281471579e-09
4.00260265535291e-09
8.36628170519751e-09
1.72052506848806e-08
3.48153886646637e-08
6.93271899756014e-08
1.35861334352057e-07
2.62049640259663e-07
4.97507943703984e-07
9.29772316678083e-07
1.71057812590741e-06
3.09832399457719e-06
5.52528545545805e-06
9.70178215714225e-06
1.67741624764756e-05
2.85591385409653e-05
4.78834656923049e-05
7.90646801380311e-05
0.000128574617806485
0.000205931224108458
0.00032486361467411
0.000504787782845634
0.000772612714252913
0.00116486591293223
0.001730081039023
0.00253132752910129
0.00364868416883862
0.00518137046721934
0.00724916034171519
0.00999262544660751
0.0135717076603469
0.0181621212062515
0.0239491535213589
0.0311185850128402
0.0398446875017813
0.0502755831812351
0.0625166285569969
0.0766128929968471
0.0925321767998524
0.110150297818975
0.129240506905106
0.149468819225538
0.170396740464452
0.191492324156234
0.212149754960011
0.231716784224035
0.249528449242899
0.264944702689818
0.277388979058598
0.286384425814937
0.291584586755364
0.292795753861167
0.28998895959702
0.283300574817727
0.273021584756722
0.259576698276222
0.243495370982932
0.225377484090039
0.205856751826248
0.185564912706085
0.165099423488304
0.144996787831838
0.125712908826348
0.107611059487291
0.0909573154092578
0.0759226674448781
0.0625905807766886
0.0509685114639068
0.0410018261395807
0.0325886667922393
0.0255945183296181
0.019865524146874
0.015239908285936
0.0115571633898218
0.00866492348973297
0.00642364320626717
0.00470934437256059
0.00341477017303693
0.00244931434214244
0.00173808069999735
0.00122038908593617
0.000847989437596379
0.000583186172269648
0.000397017441695977
0.000267582975206427
0.000178572568677496
0.00011801551477537
7.72488600561127e-05
5.00880293503677e-05
3.21754539013251e-05
2.04797157565927e-05
1.29178702147001e-05
8.07577985072861e-06
5.00452576597954e-06
3.07456816337441e-06
1.87286017193353e-06
1.13131445813379e-06
6.77757294155604e-07
4.0274804703318e-07
2.37419245447034e-07
1.38859571150821e-07
8.0587307219619e-08
4.64131663913192e-08
2.65308748069142e-08
1.50539034800435e-08
8.47977833275651e-09
4.74250259218022e-09
2.63370725650343e-09
1.4524883533788e-09
7.95592509716867e-10
4.32860999504551e-10
2.33954872664078e-10
1.25628148598844e-10
6.7028216085422e-11
3.55375965359219e-11
1.87249790159954e-11
9.80613269842491e-12
5.10511808782104e-12
2.63605771342016e-12
1.42096740769639e-12
