0
1.79411040186694e-18
1.17879945016637e-17
5.68018144697193e-17
2.37996705869016e-16
9.14810986248293e-16
3.30416632677484e-15
1.13594040743042e-14
3.74605402537232e-14
1.19097051849509e-13
3.6630064575009e-13
1.09260165457527e-12
3.16646298398743e-12
8.92868526881839e-12
2.45233774685862e-11
6.56652390691504e-11
1.71539725578176e-10
4.37446950112936e-10
1.08951633928051e-09
2.65139030118842e-09
6.30671917815254e-09
1.46676697864292e-08
3.33632095253982e-08
7.42388426166203e-08
1.61639485792196e-07
3.44431820052135e-07
7.18417792225248e-07
1.46703447395953e-06
2.93331205741902e-06
5.74368750916899e-06
1.10152160300059e-05
2.06926315936371e-05
3.80807851248651e-05
6.86605102699841e-05
0.000121299634879316
0.000209991070171889
0.00035625912172738
0.00059236261854017
0.00096537568511895
0.00154212952685939
0.00241483924843132
0.00370701334085514
0.0055789579333426
0.00823187001069691
0.0119092132805115
0.0168938596935929
0.0234994472626792
0.0320546407796388
0.0428795559261375
0.0562545422167745
0.072382768143822
0.0913494781453
0.113082176036187
0.137317053266865
0.163577429874069
0.191169570107528
0.219199852641979
0.246614971450316
0.272263870848284
0.294976907821752
0.313654828082648
0.327358088253903
0.33538629370124
0.33733827446489
0.333145539157911
0.323075198811683
0.307702391748869
0.287856111220036
0.264545510173772
0.238875753116227
0.211963061844799
0.184857786193177
0.158482388684817
0.133588593036543
0.11073510395916
0.0902847158944734
0.0724176326151328
0.0571566023954971
0.0443990583890823
0.0339517319602217
0.0255639840058509
0.0189571496019971
0.0138483025010348
0.00996785193415789
0.0070711797042362
0.00494506649143889
0.00340994854742607
0.00231912925608022
0.00155600097778354
0.00103017032828585
0.0006731764075336
0.000434285762332053
0.000276665438267556
0.000174089276322868
0.000108225941482412
6.64869707185282e-05
4.03729162773213e-05
2.42378204235841e-05
1.4389546887825e-05
8.44986398205671e-06
4.90906628262181e-06
2.82221903070563e-06
1.60590447623448e-06
9.04646312044252e-07
5.04614066388742e-07
2.787731597817e-07
1.52560315160936e-07
8.27213162655768e-08
4.44491054456819e-08
2.36734246801868e-08
1.24994995542125e-08
6.54390346273488e-09
3.39759314926379e-09
1.74973333500992e-09
8.93948336049657e-10
4.53174420694726e-10
2.2798246117555e-10
1.13838607349828e-10
5.64283255625462e-11
2.77709001660051e-11
1.35716334179582e-11
6.58697869499324e-12
3.17550973153953e-12
1.52080406354485e-12
7.23642082320744e-13
3.42154115681732e-13
1.60776432705547e-13
7.50895605934564e-14
3.48614813864686e-14
1.60906077475896e-14
7.38430027450382e-15
3.36980870303818e-15
1.52935263771678e-15
6.90339654400684e-16
3.09967350479877e-16
1.38455767925357e-16
6.15305866134883e-17
2.72080754238505e-17
1.1972150838712e-17
5.24268714390845e-18
2.28497757269121e-18
9.91274776969663e-19
4.2808225983302e-19
1.84042239531573e-19
7.87771112300098e-20
3.35744770910411e-20
1.42487428471877e-20
6.0225450319786e-21
2.5295557795643e-21
1.11043560859506e-21
0
