1.46208477350474e-29
9.7677942350869e-29
4.82200946816896e-28
2.08521048446501e-27
8.33249276721365e-27
3.15126983305018e-26
1.14249026738242e-25
4.00153050763075e-25
1.36077919403758e-24
4.50861007423296e-24
1.45907770645661e-23
4.62071077735563e-23
1.43403974192863e-22
4.36647780583521e-22
1.30562570062197e-21
3.83664459402848e-21
1.10867271404557e-20
3.15213688730656e-20
8.82173846024303e-20
2.43120332995587e-19
6.60017045476237e-19
1.76557686993145e-18
4.65512859535194e-18
1.21002349772076e-17
3.10145836167741e-17
7.84028986613494e-17
1.95509821347589e-16
4.80999870169899e-16
1.1676833795887e-15
2.79748503901177e-15
6.61496120526297e-15
1.54402406688783e-14
3.55790985747273e-14
8.09456794716227e-14
1.81840743184095e-13
4.03390732164216e-13
8.83759173295026e-13
1.91227027017466e-12
4.08699443448999e-12
8.62836729298761e-12
1.79949966947291e-11
3.70766744390841e-11
7.54747263138673e-11
1.51802434535527e-10
3.01686451170574e-10
5.9245465646182e-10
1.14973565722373e-09
2.20498085497311e-09
4.17921820255359e-09
7.82865734257827e-09
1.44943702155131e-08
2.65245670893902e-08
4.79789237529728e-08
8.57870291237749e-08
1.51627069296266e-07
2.64929490999081e-07
4.57610760404734e-07
7.81426062697173e-07
1.31922291393096e-06
2.2019098599817e-06
3.6336570440982e-06
5.92874770090982e-06
9.56462283927628e-06
1.5257010112405e-05
2.4064578499233e-05
3.75322466846686e-05
5.7883969737897e-05
8.8277335113304e-05
0.000133133324735581
0.000198554757174217
0.000292845731036282
0.000427141292694428
0.000616150962568552
0.000879011126842797
0.00124022922287498
0.001730686959471
0.00238865075264803
0.00326071588688631
0.00440258803630389
0.00587958380901056
0.00776671370575514
0.0101481996626518
0.0131162788291634
0.0167691589786597
0.0212080219260085
0.0265330213260381
0.0328382902802499
0.0402060600596919
0.0487000891589027
0.0583587044243138
0.0691878534688138
0.0811546487564049
0.0941819369230158
0.108144441323819
0.122866993145554
0.138125282287579
0.153649424277718
0.169130460187176
0.184229695036687
0.198590553725719
0.211852412723365
0.223665672635938
0.233707192163556
0.241695125026688
0.247402199384281
0.250666557708685
0.251399429356432
0.249589125485849
0.245301107104174
0.238674157877163
0.229912968030778
0.219277679389759
0.207071133280354
0.193624687593102
0.179283519036091
0.164392301594393
0.149282059833088
0.134258849300391
0.119594733324253
0.105521325216264
0.0922259662042846
0.0798504289238519
0.0684918868887523
0.0582057803395048
0.0490101417485419
0.0408909191077911
0.0338078473353504
0.0277004604976356
0.0224939013838005
0.0181042612806688
0.0144432631689826
0.0114221788818115
0.0089549396363704
0.00696045624437028
0.00536420849351378
0.00409919249956009
0.00310633129132866
0.00233445937283646
0.00173998882225727
0.001286355078492
0.000943327248373039
0.000686252556057118
0.000495289068335421
0.000354666252104031
0.000252000051131003
0.000177677929416243
0.000124330256192145
8.62116757361254e-05
6.18049451592783e-05
