0
2.58713402162367e-30
1.72968164225086e-29
8.54806360810864e-29
3.70171254156185e-28
1.48177006281551e-27
5.61541487505658e-27
2.04067654543977e-26
7.16648645193024e-26
2.44431816384821e-25
8.12517495440821e-25
2.63886587228756e-24
8.38927515047208e-24
2.61445213808788e-23
7.99615213128701e-23
2.40228560112622e-22
7.09478263729376e-22
2.06109261280991e-21
5.89292050560549e-21
1.65895860355493e-20
4.60026443772128e-20
1.2569584636089e-19
3.38517120739935e-19
8.98830445555948e-19
2.35350826062562e-18
6.07837322007965e-18
1.54873310845378e-17
3.89367403686957e-17
9.66064098097956e-17
2.36580751708166e-16
5.71924492736617e-16
1.3650170180241e-15
3.21682798604995e-15
7.4860863587229e-15
1.72053194646442e-14
3.90564214060432e-14
8.75754361840824e-14
1.93985107081479e-13
4.24506818771324e-13
9.17832090991055e-13
1.96080514017531e-12
4.13930104434367e-12
8.63511729300878e-12
1.7802624533702e-11
3.62742995869398e-11
7.30527760078995e-11
1.45418438168156e-10
2.86133460510176e-10
5.56550574695046e-10
1.0701556285128e-09
2.03429633214566e-09
3.82317629881496e-09
7.10385979115259e-09
1.30509099500073e-08
2.37071476787398e-08
4.25818998155197e-08
7.56297219835154e-08
1.32829849602331e-07
2.30700216983411e-07
3.96243737229654e-07
6.73056275228056e-07
1.1306467395305e-06
1.8784545852203e-06
3.08662523572717e-06
5.01634514469874e-06
8.06346584295519e-06
1.28202690159494e-05
2.01615304772652e-05
3.13624860545381e-05
4.82577981976642e-05
7.34520211597597e-05
0.00011059314615579
0.000164721277266473
0.000242703964388532
0.00035376775168761
0.000510131596763493
0.000727741490229856
0.0010270964458817
0.00143414379280265
0.00198120641174506
0.0027078866366226
0.00366187189941703
0.00489954731370723
0.00648630233979191
0.00849640505979834
0.0110123114036643
0.0141232810178422
0.0179231892265228
0.0225074578788378
0.0279690778074738
0.034393761507166
0.0418543438336809
0.0504046361937271
0.0600730288918036
0.0708562183227221
0.0827135007971112
0.0955621131392628
0.109274103094471
0.123675173690849
0.138545862216825
0.153625288017621
0.168617540359887
0.183200589373423
0.197037404743688
0.209788776225644
0.22112716582804
0.230750801070664
0.23839715609985
0.243854971570731
0.24697403756755
0.247672101986813
0.245938458647072
0.241833998258906
0.23548775087096
0.227090188559878
0.216883770885481
0.205151385044574
0.192203444726679
0.178364459516903
0.163959869940755
0.149303867695979
0.134688797175834
0.120376577541031
0.106592410596403
0.0935208647626555
0.0813042639977296
0.0700431741560203
0.0597986757803002
0.050596045493161
0.0424294379706059
0.0352671636796556
0.0290571884744847
0.0237325326391995
0.0192163113816534
0.0154262287603131
0.0122784061378638
0.00969048942484003
0.00758403307389594
0.00588620102402412
0.00453085497511778
0.003459119025907
0.00261951817920845
0.00196778835528984
0.00146644941798727
0.00108422234618174
0.000795358963814157
0.000578937916632013
0.000418193454341217
0.000299363598320665
0.000221138618664168
0
