0
1.73798421334016e-19
1.14436914927823e-18
5.53146035149581e-18
2.32709798536191e-17
8.98985622381371e-17
3.26642079511303e-16
1.13075355288368e-15
3.75842518621347e-15
1.20552143211358e-14
3.74440195772286e-14
1.12904959192205e-13
3.31111607366248e-13
9.45770141081294e-13
2.63410005838885e-12
7.15984011256984e-12
1.90070970844726e-11
4.93096850647599e-11
1.25075773162428e-10
3.10331883981336e-10
7.534483075763e-10
1.79058548472958e-09
4.16653293154886e-09
9.49516115130583e-09
2.11970561883804e-08
4.63641773345305e-08
9.93809434385078e-08
2.0879005007642e-07
4.30000495618245e-07
8.68243382360593e-07
1.71902997991984e-06
3.33769501345911e-06
6.35592879612493e-06
1.18720318607071e-05
2.17533471311854e-05
3.91039509642608e-05
6.89675219200762e-05
0.000119352522609228
0.000202680986614089
0.000337767865630199
0.000552427508361386
0.000886768119415978
0.00139716409227995
0.00216078153341767
0.0032803702777389
0.00488883077705549
0.00715283313154723
0.0102745398813539
0.0144903109292782
0.020065206923348
0.0272822190426639
0.0364254915868129
0.0477573967569181
0.061490154209799
0.0777536925537289
0.0965624990391002
0.117785121608315
0.141120573699875
0.166085958151905
0.192019039164633
0.218098214237465
0.243380459530045
0.266855559779364
0.287512610953826
0.304412778104263
0.316760965049961
0.323968679841412
0.325701082636185
0.321902918641775
0.312800525896902
0.298879985769494
0.280844306692139
0.259554870848756
0.23596389876564
0.211045221070937
0.185730188723443
0.160854262818196
0.137117979679437
0.115063918231839
0.0950693265109988
0.0773524507463199
0.0619895144756977
0.04893877011436
0.0380680489573951
0.0291826559764826
0.0220511448948787
0.0164273145038476
0.0120675574293372
0.00874337200489308
0.00624936213094563
0.00440738254962035
0.00306765083563052
0.00210767426650864
0.00142976948062914
0.000957825158473801
0.000633806771072978
0.000414353025827805
0.000267682188556943
0.000170921094363708
0.000107892305671214
6.73433405834422e-05
4.15717422128945e-05
2.53857714208738e-05
1.53376681366386e-05
9.17048705385428e-06
5.42719909296139e-06
3.17976078957622e-06
1.84472808085034e-06
1.05991761786185e-06
6.0324684024042e-07
3.40158420071302e-07
1.90068132169597e-07
1.05258363758277e-07
5.77828654211453e-08
3.14493162534725e-08
1.69732935428802e-08
9.08522119965542e-09
4.82380368502706e-09
2.54095706661618e-09
1.32808552604352e-09
6.88877180557648e-10
3.54657557400625e-10
1.81255646289827e-10
9.19709440977057e-11
4.63390401940878e-11
2.31867505068213e-11
1.1523570584608e-11
5.6891203938389e-12
2.79041850664849e-12
1.35992121136669e-12
6.58614256237922e-13
3.17010072373689e-13
1.51666596996135e-13
7.21325024625408e-14
3.41070627990676e-14
1.60352922996805e-14
7.4967764695477e-15
3.48563717345821e-15
1.61192007311987e-15
7.41483155585279e-16
3.39310495933562e-16
1.54480014763521e-16
6.99787452758443e-17
3.15440717650263e-17
1.41502824279233e-17
6.31750279943308e-18
2.80732633428999e-18
1.2419082995932e-18
5.45688532629763e-19
2.50604575777715e-19
0
