0
4.8614865070915e-25
3.23067722634857e-24
1.58264651353255e-23
6.77561230534667e-23
2.67437138958303e-22
9.96789421841812e-22
3.5536828719574e-21
1.22126372829038e-20
4.06617603676793e-20
1.31619909902104e-19
4.15248848032811e-19
1.27927735743764e-18
3.85408063464004e-18
1.1367745698603e-17
3.28568831194257e-17
9.31334393324426e-17
2.59051394158807e-16
7.07454023726335e-16
1.89775316537979e-15
5.00242562594109e-15
1.29619175986352e-14
3.30244730608557e-14
8.27553363260819e-14
2.04010535264322e-13
4.94878025803687e-13
1.1814526497283e-12
2.77640608894117e-12
6.4234376569756e-12
1.46330042800636e-11
3.28276299965452e-11
7.25336890176986e-11
1.57864490823636e-10
3.38470128022839e-10
7.14975350818258e-10
1.48811821469687e-09
3.05209249640404e-09
6.16890072680223e-09
1.22885748671696e-08
2.41274141678086e-08
4.66944909677754e-08
8.90829423631121e-08
1.67542276085861e-07
3.10656691240193e-07
5.67920617128311e-07
1.02368923220288e-06
1.81946636085805e-06
3.18886460925564e-06
5.5114270006399e-06
9.39391931288472e-06
1.5790736528396e-05
2.61786933592424e-05
4.280554753578e-05
6.90358195780061e-05
0.000109821271100746
0.00017232594056254
0.000266735742835732
0.000407278839515754
0.000613473576515391
0.000911604010199386
0.00133639738479586
0.00193284249466597
0.00275804288905232
0.00388294619863982
0.00539373439576068
0.00739260579130365
0.00999763655261528
0.0133413878164695
0.0175679351503594
0.0228280504676848
0.0292723700268697
0.0370425383741286
0.0462605225736996
0.0570165309584135
0.0693562243203319
0.0832681456473581
0.0986724828813222
0.115412382580609
0.133249020123369
0.15186148359258
0.170852238304042
0.189758520232005
0.208069492047266
0.225248435211722
0.240758707852884
0.254091737622146
0.264795003133626
0.272497834315073
0.276932956442003
0.277952013267368
0.275533802272889
0.269784586072445
0.260930537597152
0.249303054649894
0.235318266857434
0.219452493520141
0.202215654077412
0.184124669034018
0.165678729180995
0.14733798814776
0.129506797199616
0.112522109343324
0.0966471897001853
0.0820703308449578
0.0689079227915625
0.0572109894094179
0.0469741823213277
0.0381462118405857
0.0306407737563901
0.0243471758786014
0.019140052117397
0.0148877488600589
0.0114591570103108
0.00872892747449022
0.00658113850957783
0.00491157638644706
0.00362884724758116
0.0026545622752618
0.00192283679659459
0.0013793239714746
0.000979972244319464
0.000689658878746084
0.000480814431570798
0.000332118347872888
0.000227316039367948
0.000154183795871188
0.000103649776293945
6.90666557400835e-05
4.56234591463683e-05
2.98797419817757e-05
1.94036415545255e-05
1.24955704422542e-05
7.98075132251878e-06
5.05585279543512e-06
3.17728219296783e-06
1.98095816878392e-06
1.22546246551685e-06
7.52274883921831e-07
4.58301393363647e-07
2.7712113529107e-07
1.66332575935615e-07
9.91103555978557e-08
5.86326055238759e-08
3.44414698024185e-08
2.00904589061376e-08
1.16387590239753e-08
6.69688088281635e-09
3.82800589660182e-09
2.16903593605925e-09
1.28076008524932e-09
0
