0
2.94602000068445e-21
1.94632123021379e-20
9.45382189666091e-20
4.002664755378e-19
1.55845401799159e-18
5.71552194399021e-18
1.99999742765877e-17
6.72949165955873e-17
2.18830215223282e-16
6.90108471614323e-16
2.11594017029341e-15
6.31946218001908e-15
1.84108447768272e-14
5.23813851944139e-14
1.45675224456027e-13
3.96299354284261e-13
1.05525763369111e-12
2.75180129929641e-12
7.03058695701678e-12
1.76054811688814e-11
4.32245389565436e-11
1.04079644403974e-10
2.45847908580438e-10
5.69813576711584e-10
1.29614845018596e-09
2.89410230279633e-09
6.34430882216373e-09
1.36563233501029e-08
2.88685175088411e-08
5.99395768913803e-08
1.22251535420448e-07
2.44960201510431e-07
4.82261882635944e-07
9.32951482200097e-07
1.77363226987471e-06
3.31385585677403e-06
6.08560708958591e-06
1.09851771720848e-05
1.94927765673861e-05
3.4004205618713e-05
5.83191245283155e-05
9.83409527202297e-05
0.000163052367323502
0.000265834932697229
0.000426197651518694
0.000671962294559422
0.00104191785506361
0.00158889739181307
0.00238314462468869
0.00351572516676061
0.00510160385141966
0.00728186794759891
0.0102244468248648
0.0141225899674847
0.0191903502714538
0.0256544117007022
0.0337418265331324
0.0436635999303524
0.0555945682907361
0.0696506244275649
0.0858649788867394
0.10416571910491
0.124357328731492
0.146108953277043
0.168951963997682
0.19228874269564
0.215413609337361
0.237545532378398
0.257870849786433
0.275592880355208
0.289984225553363
0.300436933895695
0.306505646694285
0.307939406101269
0.304698928225048
0.296957681150366
0.285086849098389
0.269625968322563
0.251242456639699
0.230684244243206
0.208730142508072
0.186142442800854
0.163625586871262
0.141793728805861
0.121148788687367
0.102069359689451
0.0848097310569196
0.069507444079555
0.0561972680890971
0.0448292765345571
0.0352887823800261
0.0274161899248547
0.0210252547864041
0.015918733864291
0.0119008832339389
0.0087866735020521
0.00640790965231542
0.00461665581365543
0.00328648022836266
0.00231206788796068
0.00160771895465747
0.0011051821654309
0.000751183631934984
0.000504918447994651
0.000335686239550259
0.000220778700848863
0.00014366999111502
9.25196161780706e-05
5.8970344493843e-05
3.72081733183758e-05
2.32444944610342e-05
1.43797246801783e-05
8.81050370437754e-06
5.34737816920281e-06
3.21544138613732e-06
1.91588125338208e-06
1.13133909563108e-06
6.62186435011192e-07
3.84235252662654e-07
2.21059316873914e-07
1.26118683140284e-07
7.13628778416777e-08
4.005437536693e-08
2.23035304622381e-08
1.2322637258538e-08
6.75615278300828e-09
3.67637104336882e-09
1.9857318349465e-09
1.06477914575666e-09
5.66880374525946e-10
2.99688796879708e-10
1.57343946166291e-10
8.20506919948074e-11
4.25028817998199e-11
2.18730162032093e-11
1.11841352339745e-11
5.68261041310586e-12
2.8694088711562e-12
1.44006623834924e-12
7.1839523651657e-13
3.56270537265245e-13
1.75661062010667e-13
8.61178107767831e-14
4.1983071601845e-14
2.03544936826045e-14
9.8149762173693e-15
4.70812517071807e-15
2.24147624549012e-15
1.11498751241895e-15
0
