1.12246512357154e-15
7.3243070268608e-15
3.49405703707144e-14
1.44487019519178e-13
5.46420804914688e-13
1.93565345955425e-12
6.50575101085413e-12
2.09057124409316e-11
6.45469369024082e-11
1.92127662032053e-10
5.5264273765523e-10
1.53886480687986e-09
4.15367820050141e-09
1.08789488352733e-08
2.76704088420103e-08
6.8391831780053e-08
1.64357050942251e-07
3.84207185275701e-07
8.73985310243011e-07
1.93530726978089e-06
4.17282588056758e-06
8.76309838974107e-06
1.79280246005973e-05
3.57391622612294e-05
6.94343574663214e-05
0.000131490933779041
0.000242758784396569
0.000436990771003222
0.000767083797996201
0.00131321822316654
0.00219280809148271
0.00357171123514787
0.00567548709231173
0.00879867576742705
0.0133092256650781
0.0196445269465255
0.0282952941621068
0.0397740872172332
0.0545668083681399
0.0730681400185214
0.0955054006383445
0.121859175126839
0.151792503579625
0.184602407318009
0.219207183309994
0.254179655720098
0.287830496937217
0.318337622062977
0.343908993364208
0.362958800748128
0.374272700934868
0.377137835021591
0.371417997502115
0.357562816939314
0.336550426225605
0.309773645539794
0.278888030368296
0.245644697574222
0.211731019243257
0.178638462727654
0.147570264809874
0.119393895209874
0.0946360139351213
0.0735121016134597
0.0559797963455159
0.0418042464312453
0.0306250426290164
0.0220168109635574
0.0155385610740805
0.0107697513557988
0.00733332436814927
0.00490749442995431
0.00322884207149835
0.00208942477843314
0.00133034583923311
0.000833728757902157
0.000514483137678758
0.000312727578356475
0.000187314281142954
0.000110597271853683
6.43937569672973e-05
3.69848248086847e-05
2.09621510131944e-05
1.17281589527881e-05
6.47965464256129e-06
3.53626759889601e-06
1.90699558451259e-06
1.01648824264903e-06
5.35718484583464e-07
2.7924322689866e-07
1.44001555736636e-07
7.34875283651816e-08
3.71229135442008e-08
1.85681704752517e-08
9.19831339137866e-09
4.5140817858466e-09
2.1951270560762e-09
1.05799261671312e-09
5.05520714336812e-10
2.39511399464453e-10
1.12548297393626e-10
5.2464902961951e-11
2.42663741111572e-11
1.11386636174869e-11
5.07501011190971e-12
2.29560518479745e-12
1.03107975268602e-12
4.5993659380518e-13
2.03792318459832e-13
8.97083757071415e-14
3.92376047245512e-14
1.70554473747732e-14
7.36850898246675e-15
3.16457010181378e-15
1.35122978246836e-15
5.73696216989103e-16
2.4223123345452e-16
1.01725306667307e-16
4.24944516793497e-17
1.76600453371095e-17
7.30227510600352e-18
3.00455573788787e-18
1.23028427653456e-18
5.01394808280892e-19
2.0339861397261e-19
8.21397293530843e-20
3.30246114222801e-20
1.32203256187334e-20
5.26994645262762e-21
2.09203211560223e-21
8.27115116857206e-22
3.25713183609147e-22
1.27764957146693e-22
4.99263110509475e-23
1.94366681131191e-23
7.5391286403559e-24
2.91379478027649e-24
1.12218859590102e-24
4.30696750117383e-25
1.64742310520608e-25
6.28050696126125e-26
2.38653418444554e-26
9.03963123209603e-27
3.41326367950229e-27
1.28484402029548e-27
4.82186736051487e-28
1.80438534455462e-28
6.71859481171848e-29
2.61318498904983e-29
