0
8.67927609301145e-25
5.76579017201147e-24
2.82314078091311e-23
1.20785456050871e-22
4.76365982774523e-22
1.77382934146499e-21
6.31704127437039e-21
2.16824799026916e-20
7.20922106039181e-20
2.33004827695366e-19
7.33891026501138e-19
2.25686913658051e-18
6.78609119805285e-18
1.99741876818331e-17
5.76043892663221e-17
1.62894989777562e-16
4.51959156404203e-16
1.23100778865865e-15
3.29298412887106e-15
8.6547744526413e-15
2.23566796813377e-14
5.67772675075171e-14
1.41798826321934e-13
3.48341047073182e-13
8.41904747640858e-13
2.00230882389188e-12
4.68689077097659e-12
1.07992489135631e-11
2.4497443703541e-11
5.47173452852458e-11
1.20353970333977e-10
2.60721702479475e-10
5.5631660193751e-10
1.16933385347545e-09
2.42140515315351e-09
4.94022873059031e-09
9.93146242903245e-09
1.96743176105834e-08
3.84094694576781e-08
7.39025005080847e-08
1.40149172463125e-07
2.6197471619663e-07
4.82715333065861e-07
8.76818705785561e-07
1.57014013157166e-06
2.77203479730767e-06
4.82515534726193e-06
8.2812520072207e-06
1.40143057025844e-05
2.33860039858421e-05
3.84827836360655e-05
6.24481284142505e-05
9.99380026514688e-05
0.000157730396766759
0.000245520791739119
0.000376932405765863
0.000570761585518462
0.000852462758872288
0.00125585226582948
0.00182497500184216
0.00261603210267818
0.00369921347207559
0.00516021954988582
0.00710119856994654
0.00964077739485895
0.0129128366255744
0.017063685897159
0.0222473443609588
0.028618732937667
0.0363247426184425
0.0454933532577366
0.0562212274073535
0.0685604717877534
0.0825055144646597
0.0979812523571812
0.114833743556345
0.132824718470078
0.151631039729531
0.170849945685101
0.190010478602143
0.208590959832588
0.226041782822057
0.241812216926161
0.255379422026018
0.266277532438227
0.27412453024058
0.278644721012677
0.27968494840526
0.277223207275274
0.271368981364145
0.262355364982694
0.250523745119214
0.236302440635082
0.220181153100453
0.202683336581612
0.184338626020107
0.165657288189064
0.147108311994807
0.129102289595627
0.111979718297088
0.0960048367655202
0.081364650750348
0.0681724422471783
0.056474814057326
0.0462612042144002
0.0374748021604239
0.0300238902530188
0.0237927931031202
0.0186518143769655
0.0144657489653803
0.0111007554513929
0.00842954348301494
0.00633496353796169
0.00471217934036627
0.0034696575122984
0.00252923005979142
0.00182548012645075
0.00130467786264841
0.000923458628661728
0.000647396372197146
0.000449585759189061
0.000309310846176815
0.000210847728443245
0.000142424498186059
9.53439637420075e-05
6.32623121701235e-05
4.16093309171716e-05
2.71319171413964e-05
1.75414037161041e-05
1.1245844852529e-05
7.15011764343582e-06
4.50896425569541e-06
2.82053633911943e-06
1.75035575407504e-06
1.07772681813576e-06
6.58455426632733e-07
3.99233105796182e-07
2.40245837455644e-07
1.43502860352566e-07
8.50915260706666e-08
5.00931490840897e-08
2.92806894708798e-08
1.69957114665995e-08
9.79706712519632e-09
5.60911877050675e-09
3.18988896707605e-09
1.80228997926269e-09
1.00946959907237e-09
5.89370328337304e-10
0
