0
3.81484602268109e-14
2.47797726593242e-13
1.17434573110771e-12
4.81429209333721e-12
1.8011892771786e-11
6.29866163059765e-11
2.08509887178439e-10
6.58376351973379e-10
1.9924364589079e-09
5.79782869902967e-09
1.62593633190735e-08
4.40163718680068e-08
1.15168072377291e-07
2.91519769721639e-07
7.14407936657197e-07
1.69601294871863e-06
3.90241666945801e-06
8.70648183370278e-06
1.88414057787291e-05
3.9562333497852e-05
8.06247455766135e-05
0.000159506656504321
0.000306413415310441
0.000571662558668263
0.00103597791268538
0.00182392972981484
0.00312013856156635
0.00518684406872916
0.00838004213220421
0.0131597794992939
0.0200887249824002
0.0298123626253934
0.0430147364652889
0.0603462074767622
0.0823244208331972
0.10921629163697
0.14091620715565
0.176842014782493
0.215873555632421
0.256356597586958
0.296187073497075
0.332977158409875
0.364288295169841
0.387900536608243
0.402076673958165
0.405776904369609
0.398786645816346
0.381735387084609
0.356004684266991
0.323543745104102
0.286626698523355
0.247593276577114
0.208613175648432
0.171505133241343
0.137627828546524
0.107844845034834
0.0825534553236277
0.0617590253800763
0.0451740088228804
0.0323221237967337
0.0226328749062845
0.0155173746092328
0.0104219563881928
0.00686039810446726
0.00442829865198787
0.00280434524481557
0.00174322204705985
0.00106419121958448
0.00063833716466084
0.000376408903338738
0.000218304246724318
0.000124585407368715
6.99973300882541e-05
3.87353736538713e-05
2.11224551991192e-05
1.13549511204599e-05
6.02031822495224e-06
3.14942364779063e-06
1.62629478698199e-06
8.29273829026984e-07
4.17730249751942e-07
2.07948956529543e-07
1.02338446355609e-07
4.98075766026354e-08
2.3981409831561e-08
1.14266759709627e-08
5.3897585251731e-09
2.51742416678261e-09
1.16468906269715e-09
5.33893175758048e-10
2.4255450607831e-10
1.0924220690344e-10
4.87875598453183e-11
2.16108868660384e-11
9.4969554357353e-12
4.14137187293229e-12
1.79245457724361e-12
7.70173870537286e-13
3.28590744669465e-13
1.39230312680396e-13
5.86012781052022e-14
2.45050221738616e-14
1.01825104924481e-14
4.20514196565608e-15
1.72625167687207e-15
7.04521584165532e-16
2.8590244688285e-16
1.15382280845103e-16
4.63148321939427e-17
1.84935671722642e-17
7.34680854823373e-18
2.9040897120676e-18
1.14237458215199e-18
4.47245857854548e-19
1.74290514932648e-19
6.76144408460455e-20
2.61150272518067e-20
1.00432043379698e-20
3.84617369632384e-21
1.46690780641347e-21
5.5723098047314e-22
2.10846331774948e-22
7.94755953657015e-23
2.98452922930544e-23
1.11667907350369e-23
4.16319230988165e-24
1.54669291623175e-24
5.72656480842091e-25
2.11314184685183e-25
7.77210159530743e-26
2.8494016207652e-26
1.04136596906154e-26
3.79416214414504e-27
1.37822025545809e-27
4.99158248814864e-28
1.80260526193333e-28
6.49128844962989e-29
2.33106021005736e-29
8.34818591696722e-30
2.9817404329581e-30
1.06220680373747e-30
3.77425855201695e-31
1.33770005841297e-31
4.72945392202813e-32
1.66804800813802e-32
5.86907012921807e-33
2.06039391561339e-33
7.20241884734314e-34
2.62853733784518e-34
0
