0
1.50340574078703e-10
9.61520725201876e-10
4.46291121090639e-09
1.78150640724541e-08
6.45310578237392e-08
2.17047928909154e-07
6.85877110891522e-07
2.04929815112612e-06
5.81084241217567e-06
1.56720625221975e-05
4.02628008016321e-05
9.86322309235589e-05
0.000230571986111709
0.000514676903967361
0.00109755198271802
0.0022369980810485
0.00435929837268732
0.0081248447969251
0.0144869744362993
0.0247174272994985
0.0403622323855546
0.0630904820042516
0.094412444578657
0.135276884442565
0.185606937681691
0.243885793181817
0.306935567376436
0.370022188964784
0.427354013765963
0.472932061809375
0.501588660351659
0.509965627454751
0.497172854242879
0.464945925168754
0.417263532544178
0.359540255099202
0.297621026552096
0.236833754424968
0.181304221043723
0.133632521505771
0.0949174206186626
0.0650325408101662
0.0430246309844162
0.0275157533172453
0.0170302557685633
0.0102129492164451
0.00594153268353076
0.00335735916323655
0.0018449591300025
0.000987191776620475
0.000514959249945028
0.000262193793054885
0.000130454674167211
6.35008189309235e-05
3.02732753144923e-05
1.41501002032785e-05
6.49112283627887e-06
2.92523275986353e-06
1.29622674093916e-06
5.65276197124742e-07
2.42805559745958e-07
1.02804953743155e-07
4.29385192261353e-08
1.77035090859202e-08
7.20999441471069e-09
2.90229094493307e-09
1.15539004983465e-09
4.55128544868701e-10
1.77492167401504e-10
6.85602655159448e-11
2.62427851790431e-11
9.95808170828296e-12
3.74751125828287e-12
1.39918320646794e-12
5.18470261676452e-13
1.90737028817746e-13
6.96857443819787e-14
2.52917385254308e-14
9.12136767505103e-15
3.26965315335968e-15
1.16522926737068e-15
4.12943508047409e-16
1.45557800360272e-16
5.10430640426911e-17
1.78106747532862e-17
6.18511562355705e-18
2.13804215771008e-18
7.35798496214854e-19
2.52141995852107e-19
8.60480649305031e-20
2.92488877724556e-20
9.90397524968885e-21
3.34116870876593e-21
1.1231297824953e-21
3.76231901842675e-22
1.2561007688485e-22
4.18006779361402e-23
1.38668177953967e-23
4.58614289929576e-24
1.51229459725564e-24
4.97258514050515e-25
1.63050576816341e-25
5.33202790477185e-26
1.7391082588976e-26
5.65793155693169e-27
1.83618744985772e-27
5.94476506254936e-28
1.9201697384334e-28
6.188131369779e-29
1.98985325024945e-29
6.3848367142447e-30
2.04442121672632e-30
6.53290704814105e-31
2.08343943006105e-31
6.63155713744726e-32
2.10683981374853e-32
6.68111949587256e-33
2.11489254997926e-33
6.68294126361667e-34
2.10816940209502e-34
6.63925746679258e-35
2.08750088864509e-35
6.55304890864782e-36
2.05392983927853e-36
6.42789235812509e-37
2.0086636276342e-37
6.26780982792512e-38
1.95302706753304e-38
6.07712267951026e-39
1.88841760803013e-39
5.86031515060424e-40
1.81626409766656e-40
5.62191075036937e-41
1.73799003080286e-41
5.36636387038054e-42
1.65498185609017e-42
5.09796796086318e-43
1.56856263069006e-43
4.82078075104333e-44
1.47997105093098e-44
4.53856626595416e-45
1.39034568389185e-45
4.25475281517945e-46
1.30071405975346e-46
3.97240609575718e-47
1.21198312549427e-47
3.69444828250376e-48
1.12315937792027e-48
3.55905781512574e-49
0
