2.7675232128806e-24
1.83721652528344e-23
8.98647162557783e-23
3.8396464456868e-22
1.51183587565037e-21
5.61865643811945e-21
1.99646657678118e-20
6.8352911619318e-20
2.26625588294043e-19
7.30182323140478e-19
2.29201393306782e-18
7.0223887099276e-18
2.10312181543825e-17
6.16386828365418e-17
1.76950687335082e-16
4.97954323396462e-16
1.37447985400434e-15
3.72331132693595e-15
9.90282612713092e-15
2.58700641232045e-14
6.64036946905441e-14
1.67522552223397e-13
4.15485321247474e-13
1.01330952415048e-12
2.43066334730317e-12
5.73570852465817e-12
1.33169454283319e-11
3.04261212932984e-11
6.8418951913262e-11
1.51444156665988e-10
3.30011386739874e-10
7.0803665747382e-10
1.49582092895983e-09
3.11203172820774e-09
6.37660713622578e-09
1.28692924592211e-08
2.55843772261488e-08
5.0105324292788e-08
9.66748439940952e-08
1.83778028521275e-07
3.44232978841528e-07
6.35355624159649e-07
1.15561219429491e-06
2.07139147752154e-06
3.65923127844125e-06
6.37113454311355e-06
1.09336084794726e-05
1.84948021720267e-05
3.08385531728573e-05
5.06890671932986e-05
8.21348952509314e-05
0.000131205071661749
0.000206632586386694
0.000320839231832769
0.000491169366280401
0.000741386127296287
0.00110342000767208
0.00161932483338805
0.00234334942920307
0.00334397564423843
0.0047057082432824
0.00653033553218689
0.00893732051612791
0.0120629425681173
0.0160578023801689
0.0210823417752861
0.027300125889815
0.0348687944073327
0.043928809318604
0.0545903975444694
0.0669193851406588
0.0809229127870409
0.0965362692296965
0.113612236701719
0.131914369918793
0.151115498455606
0.170802439003372
0.1904874395187
0.209626286489819
0.227642347121041
0.243955164691598
0.258011659619702
0.269317588512617
0.277466740008935
0.282165434137854
0.283250242530017
0.280697426503063
0.274623334220477
0.265275820121691
0.253017553329584
0.23830277460426
0.221649568500876
0.203609990406499
0.184740410869067
0.165574228087634
0.146598697114744
0.128237093896001
0.110836845232367
0.0946636819454131
0.0799013712027607
0.0666561975204061
0.0549651129914269
0.0448063688493072
0.0361114590083912
0.0287773262738611
0.0226779715415628
0.0176748323266302
0.0136255292380823
0.0103907934421092
0.0078395681354661
0.00585241367421823
0.00432343718825341
0.00316101648811855
0.00228760159830143
0.00163886388366639
0.00116243134853504
0.000816407392174181
0.000567825777364996
0.000391151759816954
0.000266901461311567
0.000180420356691793
0.00012083769019723
8.01963933688396e-05
5.27467728108751e-05
3.43857475104625e-05
2.22205708020725e-05
1.42356886658276e-05
9.04274599737129e-06
5.69603260177896e-06
3.55832990083385e-06
2.20481666322428e-06
1.35519493614712e-06
8.26388190624333e-07
4.99998876244732e-07
3.00196480958776e-07
1.78871989878676e-07
1.05785768806688e-07
6.21023114667802e-08
3.61935158226596e-08
2.09431773897755e-08
1.20334145408536e-08
6.86617413941095e-09
3.89103284729075e-09
2.19019626281952e-09
1.22465175175676e-09
6.80290328946323e-10
3.75504469121031e-10
2.05499635843292e-10
1.17287632614301e-10
