3.02433714899631e-20
1.99434459316113e-19
9.66091074024661e-19
4.07592373091989e-18
1.58009439373754e-17
5.76508634031334e-17
2.00534822870941e-16
6.70196424794295e-16
2.16288814921201e-15
6.76388305044045e-15
2.05483113244458e-14
6.07555064363186e-14
1.75084331089197e-13
4.92323239560732e-13
1.35203263699579e-12
3.62892538230585e-12
9.5255138992448e-12
2.44647906096649e-11
6.15073946826207e-11
1.51429175801212e-10
3.65199865975081e-10
8.630095763769e-10
1.99882816269068e-09
4.53846687613342e-09
1.01042898555505e-08
2.20620524598152e-08
4.72501101184174e-08
9.92758330793537e-08
2.04658395638145e-07
4.1401641516077e-07
8.21977412833607e-07
1.60178803579737e-06
3.06406586948262e-06
5.7541471356251e-06
1.06094464803063e-05
1.92074577592677e-05
3.41465305258828e-05
5.96148974829919e-05
0.0001022173359177
0.000172140902854534
0.000284747520662568
0.000462676350693153
0.000738516019935232
0.00115805829260121
0.00178406377455895
0.00270035246504756
0.00401587851870764
0.005868268716429
0.00842611769019679
0.0118891713178855
0.0164854345836053
0.022464259065098
0.0300846433795947
0.0395983496560819
0.0512280073560926
0.0651411131664634
0.0814216700469012
0.100042026056278
0.120838130113564
0.143491764133265
0.167523205908426
0.192297143669785
0.217043500144266
0.240893225519452
0.262927273057811
0.282235137618753
0.297977806083627
0.309449008091341
0.316128459303797
0.317721434416832
0.314180432078614
0.305706705359992
0.292731736329734
0.275880991411466
0.255924179719979
0.233717495300595
0.210143814710138
0.186056532400973
0.162231758370072
0.139332177446756
0.117884226870407
0.0982686381069022
0.0807230190437617
0.0653541642806764
0.0521572352489608
0.0410388346986158
0.0318412400084504
0.0243655502523819
0.0183921255662579
0.0136973461056249
0.0100663070517421
0.00730154084967408
0.00522819318090214
0.00369627529994247
0.00258069039604366
0.00177971365265936
0.00121252572711315
0.000816286275193369
0.000543111289770722
0.000357202062526662
0.000232274555002624
0.000149360340496002
9.49943833681704e-05
5.97684515789244e-05
3.72082616946977e-05
2.29235153962078e-05
1.39790581825769e-05
8.43935042621395e-06
5.04490746236246e-06
2.98667642756783e-06
1.75142134410545e-06
1.01750431313649e-06
5.8573289729276e-07
3.34159778794022e-07
1.88961032198378e-07
1.05931470586497e-07
5.88819772815413e-08
3.24573580676584e-08
1.77453632513232e-08
9.62418348723463e-09
5.17863460842682e-09
2.7650493865973e-09
1.46517470150635e-09
7.7061285472021e-10
4.02349636408638e-10
2.08569355956415e-10
1.07358072810478e-10
5.48798406447223e-11
2.78637994937205e-11
1.40530781189545e-11
7.04140519515547e-12
3.50554829835627e-12
1.73425195653092e-12
8.52663809629777e-13
4.1667895591814e-13
2.02409571305729e-13
9.77491215839102e-14
4.69345437091219e-14
2.24086055092448e-14
1.06395473106443e-14
5.02412212663688e-15
2.3597588975815e-15
1.10251942374408e-15
5.12455191278016e-16
2.3698215960672e-16
1.0904392420655e-16
4.99341721879783e-17
2.27042258201902e-17
1.07887119617877e-17
