0
1.23882772136551e-13
8.03348891299465e-13
3.79798517553644e-12
1.55207005893299e-11
5.78396142315821e-11
2.01302772314295e-10
6.62659454267415e-10
2.07874469435838e-09
6.24379214074157e-09
1.80141380648933e-08
5.0033193230197e-08
1.33991153069742e-07
3.46404346168224e-07
8.6531783408209e-07
2.09009191079108e-06
4.88433561351841e-06
1.10485632028912e-05
2.42015871918483e-05
5.13537720681635e-05
0.000105590377664349
0.000210434437200291
0.00040658682251604
0.000761773488253497
0.00138425645417185
0.00244005014523825
0.00417290120049916
0.00692458171477312
0.0111511117891139
0.017428502641833
0.0264401073265038
0.038937514064768
0.0556689825918658
0.0772742873293882
0.104152406895706
0.136317727337332
0.173269212388539
0.213902540829995
0.25649476301599
0.298782872081635
0.338142071678925
0.371849108385819
0.39739553341333
0.412800741334748
0.416869832521272
0.409348989093188
0.390949919869684
0.363240527652634
0.328424833531941
0.289054938284608
0.24772696077742
0.20681019007771
0.168246104511219
0.133435736937186
0.103215152516265
0.0779038332386823
0.057402021898242
0.0413109881712788
0.0290534805446382
0.0199781452823095
0.0134391492897872
0.00884885452461775
0.00570614499987989
0.00360564112666295
0.00223383067983033
0.0013576562572745
0.000809922996801385
0.00047451766729684
0.000273182816044179
0.00015462538108937
8.60923577053355e-05
4.71769927605306e-05
2.54564692958814e-05
1.35326684941073e-05
7.09080553489609e-06
3.66385484570606e-06
1.86770914364609e-06
9.39723832843423e-07
4.66870975477373e-07
2.29128275489606e-07
1.11126889169494e-07
5.32826449313008e-08
2.52662109950198e-08
1.18532642176095e-08
5.5033789114811e-09
2.52964180900803e-09
1.15150540998069e-09
5.19259212910336e-10
2.32029167949085e-10
1.02769693667846e-10
4.51305758879088e-11
1.96550738973984e-11
8.4915454081933e-12
3.64009789887659e-12
1.5486583375926e-12
6.54052227519107e-13
2.74269674325525e-13
1.14220059492815e-13
4.72490879162699e-14
1.94184628129808e-14
7.93025911567262e-15
3.21876092371208e-15
1.29865461598828e-15
5.20923808921595e-16
2.07778057430119e-16
8.24208064518921e-17
3.25199648365617e-17
1.27644259390398e-17
4.98482895621436e-18
1.93711132045981e-18
7.49151715253902e-19
2.8836956687567e-19
1.10495655101578e-19
4.21509125163308e-20
1.60096895219996e-20
6.0550742635609e-21
2.28066539154185e-21
8.55564153802264e-22
3.19693947385181e-22
1.19000172220568e-22
4.41297311895312e-23
1.63050966242089e-23
6.00289193535395e-24
2.20230869042339e-24
8.05212866336266e-25
2.93421071712264e-25
1.065742184953e-25
3.85855286521609e-26
1.39263851054602e-26
5.01098692573954e-27
1.79765953448059e-27
6.43011053527182e-28
2.29341658670502e-28
8.15693249861464e-29
2.89317913112549e-29
1.02341718341887e-29
3.61062752913525e-30
1.27053979114707e-30
4.45955766798082e-31
1.56140270561065e-31
5.45354356283823e-32
1.90021987664885e-32
6.605566406636e-33
2.29095617729015e-33
7.92762057764284e-34
2.73720098023261e-34
9.43027912464017e-35
3.24228206300088e-35
1.11026497208966e-35
3.96844662711424e-36
0
