1.20649211028133e-11
4.13595007676013e-11
1.37318378414449e-10
4.41554811065238e-10
1.3751280866804e-09
4.1476706219e-09
1.21162421717502e-08
3.42794785023194e-08
9.39297235383927e-08
2.49272551138045e-07
6.40690743287336e-07
1.59486900086897e-06
3.84506920596889e-06
8.97812983527565e-06
2.03034658245264e-05
4.44689681845494e-05
9.43292764054073e-05
0.000193793198183276
0.000385596544658059
0.000743071002265223
0.00138685185055942
0.00250687340869368
0.00438871433832358
0.0074412312278307
0.0122195401580966
0.0194342373556514
0.0299352382352859
0.0446581277291749
0.0645239403249769
0.0902908677313119
0.122368419083732
0.160619196260297
0.20418701677121
0.251397744099609
0.299776237923296
0.346206813290998
0.387236773108919
0.419488588437074
0.440115117231662
0.447213595499958
0.440115117231662
0.419488588437074
0.387236773108919
0.346206813290998
0.299776237923296
0.251397744099609
0.20418701677121
0.160619196260297
0.122368419083732
0.0902908677313119
0.0645239403249768
0.0446581277291748
0.0299352382352859
0.0194342373556514
0.0122195401580966
0.00744123122783067
0.00438871433832358
0.00250687340869368
0.00138685185055942
0.000743071002265223
0.000385596544658058
0.000193793198183276
9.43292764054071e-05
4.44689681845491e-05
2.03034658245265e-05
8.97812983527562e-06
3.84506920596891e-06
1.59486900086897e-06
6.40690743287334e-07
2.49272551138046e-07
9.39297235383922e-08
3.42794785023192e-08
1.21162421717502e-08
4.14767062189996e-09
1.37512808668042e-09
4.41554811065238e-10
1.37318378414451e-10
4.1359500767602e-11
1.20649211028133e-11
3.40860173805416e-12
9.3267559432188e-13
2.47165323513202e-13
6.34376439688763e-14
1.57691805761139e-14
3.79641590474524e-15
8.85199211728769e-16
1.99899095688318e-16
4.37203084180328e-17
9.26100632978129e-18
1.89992178146655e-18
3.77499029059487e-19
7.26437964373896e-20
1.3538913176634e-20
2.44383370452972e-21
4.27230327147486e-22
7.23360972983382e-23
1.18618014581574e-23
1.8838607765758e-24
2.897674065014e-25
4.3167096701649e-26
6.22814511814172e-27
8.70296391577339e-28
1.17781808653925e-28
1.5438028268188e-29
1.95978315830519e-30
2.40949920366073e-31
2.86911614691084e-32
3.30881166914753e-33
3.69571561039866e-34
3.99786032230064e-35
4.18850719147999e-36
4.25004463214624e-37
4.17667124979596e-38
3.97529782787366e-39
3.66447384714695e-40
3.27156955679196e-41
2.82880666486349e-42
2.36893394692367e-43
1.92134437344596e-44
1.50924606059195e-45
1.14819979649039e-46
8.46013818574544e-48
6.03726201557229e-49
4.17258477325753e-50
2.79301256717723e-51
1.81068618192912e-52
1.1368837564464e-53
6.9133972427098e-55
4.07164156658008e-56
2.32247016242505e-57
1.28301969651587e-58
6.86466076895462e-60
3.55719287805317e-61
1.78524705070998e-62
8.67744382767063e-64
4.0849606211328e-65
1.8624581130666e-66
8.22408765733048e-68
3.51715512731902e-69
1.45679315878849e-70
5.84395468267788e-72
2.27048356343881e-73
8.54343386015479e-75
3.11350191791689e-76
1.09892585176593e-77
3.75655904319849e-79
1.24369710918321e-80
3.98787564491309e-82
1.23842915034153e-83
3.72480293947166e-85
1.08502067408916e-86
