3.31885304627837e-14
1.06680075394606e-13
3.35071210056908e-13
1.02837005796843e-12
3.08404169928465e-12
9.03752619038886e-12
2.58783990403496e-11
7.24075329999902e-11
1.97965087177596e-10
5.28873698048065e-10
1.38061898791402e-09
3.52171513619903e-09
8.77795024611966e-09
2.13791539681838e-08
5.08799205114607e-08
1.18320730532594e-07
2.68864689798914e-07
5.96987456581513e-07
1.2952546249758e-06
2.74601943292412e-06
5.68866775950415e-06
1.15153208402381e-05
2.27771837125202e-05
4.4023292027711e-05
8.31425835811475e-05
0.000153434500851947
0.000276682087117317
0.000487525762686133
0.000839407039098415
0.00141223233907791
0.0023216577971042
0.00372948419108158
0.00585406908506199
0.00897894735398125
0.0134571011294685
0.0197077078750394
0.0282019556492354
0.0394349090456501
0.0538816604558717
0.0719382066665522
0.0938505349933552
0.11963889886767
0.149027553131621
0.181392465421364
0.215739876333716
0.250726429661797
0.284726779811991
0.315947574360685
0.342578610608971
0.36296434982769
0.375773549701606
0.380142960634853
0.375773549701606
0.36296434982769
0.342578610608971
0.315947574360685
0.284726779811991
0.250726429661797
0.215739876333716
0.181392465421364
0.149027553131621
0.11963889886767
0.0938505349933553
0.0719382066665522
0.0538816604558718
0.0394349090456501
0.0282019556492355
0.0197077078750395
0.0134571011294685
0.00897894735398128
0.00585406908506199
0.00372948419108156
0.0023216577971042
0.0014122323390779
0.000839407039098418
0.000487525762686133
0.000276682087117319
0.000153434500851947
8.31425835811475e-05
4.40232920277112e-05
2.27771837125203e-05
1.15153208402381e-05
5.68866775950418e-06
2.74601943292415e-06
1.29525462497579e-06
5.96987456581515e-07
2.68864689798917e-07
1.18320730532595e-07
5.08799205114609e-08
2.1379153968184e-08
8.77795024611966e-09
3.52171513619903e-09
1.38061898791404e-09
5.28873698048065e-10
1.97965087177595e-10
7.24075329999902e-11
2.58783990403501e-11
9.03752619038876e-12
3.08404169928465e-12
1.02837005796844e-12
3.35071210056908e-13
1.06680075394606e-13
3.31885304627839e-14
1.00890724567668e-14
2.99690494402512e-15
8.69867699129299e-16
2.46712952002843e-16
6.83737192265566e-17
1.85159060184017e-17
4.89958436805708e-18
1.26686991272149e-18
3.20083518877909e-19
7.90229271616134e-20
1.90634465778678e-20
4.49374308856899e-21
1.03507916528551e-21
2.3296860714478e-22
5.12365346086013e-23
1.10108438286307e-23
2.31217108829158e-24
4.74436222105161e-25
9.51249016324264e-26
1.86367041684327e-26
3.56781651374014e-27
6.67412628998879e-28
1.21995788482689e-28
2.17898261588971e-29
3.80295513274455e-30
6.48555500405703e-31
1.0807658199485e-31
1.75984559247589e-32
2.80011609166435e-33
4.35347464109855e-34
6.61385257012268e-35
9.8181917496231e-36
1.42418700444057e-36
2.01865004867588e-37
2.79584804482016e-38
3.7837688703226e-39
5.00373320208298e-40
6.46579899702467e-41
8.16410840947755e-42
1.00728840677488e-42
1.21438786044587e-43
1.43060424012255e-44
1.64679715377643e-45
1.85233365133207e-46
2.0359018387866e-47
2.18651752058239e-48
2.29460321566962e-49
2.35299358488221e-50
