1.39414217107579e-16
4.33152575363569e-16
1.32120226418982e-15
3.95632799787538e-15
1.16308067907682e-14
3.35677293601375e-14
9.51105428541094e-14
2.64563500179409e-13
7.22479895793577e-13
1.93694004207807e-12
5.09801559716814e-12
1.31728793481231e-11
3.34160290725897e-11
8.32192002574051e-11
2.03463638864216e-10
4.88365131803442e-10
1.15079260319875e-09
2.66222064260156e-09
6.04624307768256e-09
1.3480988292073e-08
2.95088599777251e-08
6.34129129507602e-08
1.33781957766654e-07
2.77084327949247e-07
5.63405327985942e-07
1.1246684407568e-06
2.20405607379689e-06
4.24048314897922e-06
8.00944854941524e-06
1.48519836311194e-05
2.70371480799134e-05
4.83205500228641e-05
8.4780784399008e-05
0.000146035204579024
0.000246951841026177
0.000409978936673483
0.000668198340969513
0.00106916273450555
0.00167948761240157
0.0025900274595022
0.00392126780657666
0.00582831761880706
0.00850461170541516
0.0121831710161834
0.0171340789176172
0.0236567868601351
0.0320660394819624
0.0426706698624756
0.0557452888447617
0.0714959516637851
0.0900221341014449
0.111278619442058
0.135041957773234
0.16088675555413
0.18817695375088
0.216076305481881
0.243580450371068
0.269570450511178
0.292884717762512
0.31240337016586
0.327136709435881
0.336308174219931
0.339422116651065
0.336308174219931
0.327136709435881
0.31240337016586
0.292884717762512
0.269570450511178
0.243580450371068
0.216076305481881
0.18817695375088
0.16088675555413
0.135041957773235
0.111278619442057
0.090022134101445
0.0714959516637851
0.0557452888447619
0.0426706698624756
0.0320660394819623
0.0236567868601351
0.0171340789176172
0.0121831710161833
0.00850461170541517
0.00582831761880709
0.00392126780657665
0.00259002745950221
0.00167948761240157
0.00106916273450556
0.000668198340969513
0.000409978936673486
0.000246951841026177
0.000146035204579024
8.47807843990084e-05
4.83205500228641e-05
2.70371480799133e-05
1.48519836311194e-05
8.00944854941531e-06
4.24048314897922e-06
2.20405607379689e-06
1.12466844075681e-06
5.63405327985946e-07
2.77084327949247e-07
1.33781957766656e-07
6.34129129507602e-08
2.95088599777251e-08
1.34809882920731e-08
6.04624307768256e-09
2.66222064260156e-09
1.15079260319877e-09
4.88365131803445e-10
2.03463638864213e-10
8.32192002574051e-11
3.341602907259e-11
1.31728793481232e-11
5.09801559716814e-12
1.93694004207811e-12
7.22479895793577e-13
2.64563500179409e-13
9.51105428541104e-14
3.35677293601375e-14
1.16308067907682e-14
3.95632799787541e-15
1.32120226418982e-15
4.33152575363578e-16
1.39414217107579e-16
4.40522199946378e-17
1.36654238462796e-17
4.16172122062479e-18
1.24427803701626e-18
3.65221602371213e-19
1.05242232335554e-19
2.97726997170288e-20
8.26877081310702e-21
2.25454165581699e-21
6.03490092823394e-22
1.58590291605816e-22
4.09145352324745e-23
1.03627069899926e-23
2.57669720579749e-24
6.28996351483556e-25
1.50739627551128e-25
3.54651108162443e-26
8.19161959691681e-27
1.85751702581903e-27
4.1351417527386e-28
9.03738059194008e-29
1.9390513681149e-29
4.08442220136354e-30
8.44630021381085e-31
1.7147348373688e-31
3.4176060550655e-32
