2.55950381955381e-18
7.81683141597695e-18
2.34924921963449e-17
6.94785615790149e-17
2.02206879826312e-16
5.79114473033736e-16
1.63213580273176e-15
4.52659402946288e-15
1.23540735535456e-14
3.31796805958244e-14
8.76915206208128e-14
2.28069065440537e-13
5.83711899206248e-13
1.47012442190661e-12
3.64361951576217e-12
8.88659378765888e-12
2.13285346933917e-11
5.03744239087249e-11
1.17079955076247e-10
2.6778015188508e-10
6.02695018404184e-10
1.33487377777512e-09
2.90941841773974e-09
6.24015744477799e-09
1.31706828775938e-08
2.73554850814483e-08
5.59118586412506e-08
1.124570846016e-07
2.22583564604442e-07
4.33533585759363e-07
8.3095170684341e-07
1.56730024858731e-06
2.90905547037579e-06
5.31343270278309e-06
9.55040410205915e-06
1.68924131052534e-05
2.94025516065481e-05
5.03618563633718e-05
8.48871242320978e-05
0.000140800855564514
0.000229822290325353
0.000369149585200984
0.000583493473833678
0.000907596898294416
0.00138922754226618
0.00209255628590435
0.00310173216730471
0.00452433569775247
0.0064942459239943
0.00917330896980013
0.0127510718860052
0.017441777769489
0.0234778425141738
0.0310991846755611
0.0405380826071931
0.0519996936657723
0.0656389686860077
0.0815353790077788
0.0996675589302362
0.119890543973757
0.141918633773532
0.165316915802615
0.189504073111635
0.213768241813954
0.237296429429799
0.259216476793125
0.27864893359273
0.294764751763624
0.306843617676145
0.3143272418338
0.316862125262239
0.314327241833799
0.306843617676145
0.294764751763623
0.27864893359273
0.259216476793125
0.237296429429799
0.213768241813953
0.189504073111635
0.165316915802615
0.141918633773532
0.119890543973757
0.0996675589302359
0.0815353790077789
0.0656389686860074
0.0519996936657722
0.040538082607193
0.031099184675561
0.0234778425141737
0.0174417777694889
0.0127510718860051
0.00917330896980009
0.00649424592399429
0.00452433569775245
0.00310173216730468
0.00209255628590435
0.00138922754226618
0.000907596898294406
0.000583493473833674
0.000369149585200983
0.000229822290325353
0.000140800855564513
8.48871242320975e-05
5.03618563633715e-05
2.94025516065478e-05
1.68924131052533e-05
9.5504041020591e-06
5.31343270278305e-06
2.90905547037579e-06
1.56730024858731e-06
8.30951706843397e-07
4.3353358575936e-07
2.22583564604442e-07
1.12457084601599e-07
5.59118586412502e-08
2.73554850814481e-08
1.31706828775938e-08
6.2401574447779e-09
2.90941841773974e-09
1.3348737777751e-09
6.02695018404173e-10
2.67780151885078e-10
1.17079955076245e-10
5.03744239087244e-11
2.13285346933916e-11
8.88659378765888e-12
3.64361951576214e-12
1.47012442190661e-12
5.83711899206248e-13
2.28069065440537e-13
8.76915206208112e-14
3.31796805958244e-14
1.23540735535455e-14
4.52659402946278e-15
1.63213580273175e-15
5.79114473033732e-16
2.0220687982631e-16
6.94785615790144e-17
2.34924921963448e-17
7.81683141597684e-18
2.55950381955381e-18
8.24715581930013e-19
2.61502593231018e-19
8.1596434459903e-20
2.50547310533847e-20
7.5706242332586e-21
2.25111155773971e-21
6.58697062581865e-22
1.89669638971947e-22
5.37444088302292e-23
1.49862214071503e-23
