4.66212491451695e-20
1.40507276070902e-19
4.17476078625783e-19
1.2228755126935e-18
3.53143139711759e-18
1.00539604236517e-17
2.82189883935115e-17
7.80842750623321e-17
2.13011767742863e-16
5.72877126739069e-16
1.51892818428081e-15
3.97036899702936e-15
1.02315722043181e-14
2.59939182046613e-14
6.51056973085705e-14
1.60762263968833e-13
3.91351591797781e-13
9.39221375007198e-13
2.22221821503974e-12
5.18350247859985e-12
1.19200421234226e-11
2.7024031712358e-11
6.04004766331455e-11
1.33090930605403e-10
2.89117533318291e-10
6.19181925284954e-10
1.30731421265652e-09
2.72119439218576e-09
5.58414933604658e-09
1.1297239944486e-08
2.25323015077937e-08
4.43053964601376e-08
8.58866320009088e-08
1.64139229300777e-07
3.09255248894097e-07
5.74433343868307e-07
1.0519136123259e-06
1.89905866578921e-06
3.37998333787372e-06
5.93073623694232e-06
1.02593662061734e-05
1.74964655811259e-05
2.94169737879768e-05
4.87599815274736e-05
7.96795629833083e-05
0.000128365473358152
0.000203876599819991
0.000319230523015433
0.000492787075668604
0.000749949605177657
0.00112518186725396
0.00166429857285453
0.00242693211690756
0.00348900738982243
0.00494497410587603
0.00690945871812592
0.00951791677877144
0.0129258065550869
0.0173057837732099
0.0228424543850609
0.0297243339328867
0.0381328591365526
0.0482285804060014
0.0601350201116913
0.0739210818878521
0.089583296683602
0.107029535033215
0.126066039458864
0.146389676672285
0.167587131023958
0.189142337960206
0.210452801767745
0.230854605454787
0.249654987243517
0.266170439393953
0.279767504520664
0.289902919288007
0.296159576551255
0.298274993135947
0.296159576551255
0.289902919288007
0.279767504520664
0.266170439393953
0.249654987243517
0.230854605454787
0.210452801767744
0.189142337960206
0.167587131023958
0.146389676672285
0.126066039458864
0.107029535033215
0.0895832966836015
0.0739210818878519
0.0601350201116909
0.0482285804060011
0.0381328591365524
0.0297243339328866
0.0228424543850607
0.0173057837732098
0.0129258065550869
0.00951791677877138
0.00690945871812586
0.00494497410587599
0.0034890073898224
0.00242693211690753
0.00166429857285452
0.00112518186725395
0.000749949605177649
0.0004927870756686
0.000319230523015432
0.000203876599819988
0.00012836547335815
7.96795629833078e-05
4.87599815274731e-05
2.94169737879764e-05
1.74964655811257e-05
1.02593662061733e-05
5.93073623694221e-06
3.37998333787369e-06
1.89905866578919e-06
1.05191361232588e-06
5.74433343868302e-07
3.09255248894091e-07
1.64139229300775e-07
8.58866320009072e-08
4.43053964601371e-08
2.25323015077936e-08
1.12972399444858e-08
5.58414933604649e-09
2.72119439218572e-09
1.3073142126565e-09
6.19181925284948e-10
2.89117533318284e-10
1.330909306054e-10
6.04004766331446e-11
2.70240317123573e-11
1.19200421234224e-11
5.18350247859976e-12
2.22221821503969e-12
9.39221375007182e-13
3.91351591797774e-13
1.60762263968831e-13
6.51056973085693e-14
2.59939182046606e-14
1.0231572204318e-14
3.97036899702923e-15
1.51892818428075e-15
5.72877126739057e-16
2.13011767742856e-16
7.80842750623316e-17
2.82189883935109e-17
