7.49107319128961e-15
2.38186485704037e-14
7.41139639838481e-14
2.25679866666707e-13
6.72504879881202e-13
1.96113690582157e-12
5.5966768822383e-12
1.56301233260165e-11
4.27173619290411e-11
1.14250022182471e-10
2.99032237736006e-10
7.65930876899566e-10
1.91986633527315e-09
4.70936398495267e-09
1.13048127208199e-08
2.65567139076709e-08
6.10513324597177e-08
1.37349096830584e-07
3.02389229225509e-07
6.51503385875933e-07
1.37365251367793e-06
2.83430734587726e-06
5.72304088618505e-06
1.13088020917532e-05
2.1868359668069e-05
4.13833516529633e-05
7.66381413891813e-05
0.000138891003324151
0.000246327622769885
0.000427525442447279
0.000726140506216027
0.0012069498113797
0.00196321384349497
0.00312504196316031
0.00486803787040023
0.00742099077708583
0.0110708173222247
0.0161624549140382
0.0230911103773039
0.0322843581924026
0.044172232158627
0.0591447750041151
0.0774984954110841
0.0993756556579885
0.124702911169198
0.153138019532271
0.184034527044263
0.216433977937909
0.24909294245424
0.280548049177059
0.309216693908448
0.333525052201639
0.352049586224855
0.36365458255188
0.367607311046904
0.36365458255188
0.352049586224855
0.333525052201639
0.309216693908447
0.280548049177059
0.24909294245424
0.21643397793791
0.184034527044263
0.153138019532271
0.124702911169198
0.0993756556579884
0.0774984954110842
0.0591447750041151
0.044172232158627
0.0322843581924027
0.0230911103773039
0.0161624549140381
0.0110708173222247
0.00742099077708582
0.00486803787040024
0.00312504196316031
0.00196321384349498
0.0012069498113797
0.000726140506216025
0.00042752544244728
0.000246327622769885
0.00013889100332415
7.66381413891815e-05
4.13833516529637e-05
2.18683596680689e-05
1.13088020917532e-05
5.72304088618509e-06
2.83430734587727e-06
1.37365251367793e-06
6.51503385875937e-07
3.02389229225509e-07
1.37349096830583e-07
6.10513324597179e-08
2.65567139076709e-08
1.13048127208198e-08
4.70936398495267e-09
1.91986633527318e-09
7.65930876899561e-10
2.99032237736006e-10
1.14250022182473e-10
4.27173619290411e-11
1.56301233260165e-11
5.59667688223834e-12
1.96113690582157e-12
6.72504879881202e-13
2.25679866666709e-13
7.41139639838481e-14
2.38186485704037e-14
7.49107319128961e-15
2.30558327486894e-15
6.94428337472088e-16
2.04684004711151e-16
5.90405269891408e-17
1.66658087653356e-17
4.60375720990032e-18
1.24453833608785e-18
3.29241062758378e-19
8.52372755541905e-20
2.15950877898172e-20
5.35414633750678e-21
1.29907836218671e-21
3.08453931641857e-22
7.16729236621928e-23
1.62978298592821e-23
3.62672217692177e-24
7.89784571079425e-25
1.68311136155727e-25
3.51015995241937e-26
7.16392138653326e-27
1.43081855977211e-27
2.7965859243571e-28
5.34911110991796e-29
1.00125551124446e-29
1.834079130759e-30
3.28776727152071e-31
5.76758383069623e-32
9.90140015369586e-33
1.66344772790619e-33
2.73483766817459e-34
4.40011266632102e-35
6.9279682675027e-36
1.06747529249983e-36
1.60960615002363e-37
2.3751512062185e-38
3.42983124100809e-39
4.84690033928481e-40
6.70293915427809e-41
9.07144168962032e-42
1.20142647660871e-42
1.55714097438944e-43
1.97500644018419e-44
