1.04984641421066e-12
3.4856128460951e-12
1.12577600647646e-11
3.53707518816372e-11
1.08107558104445e-10
3.21430649850813e-10
9.29689610084341e-10
2.6158216573642e-09
7.15974817457081e-09
1.90636838116145e-08
4.9378212873666e-08
1.24418044619564e-07
3.04965588952468e-07
7.2717303702475e-07
1.68672452219533e-06
3.80601077219083e-06
8.35440124945588e-06
1.78393944893334e-05
3.70564960424611e-05
7.48803827760323e-05
0.000147194378051601
0.000281471127313719
0.000523595547422354
0.000947496249368328
0.00166793267580641
0.00285626827925299
0.00475815887742927
0.00771078056967925
0.0121556227127018
0.0186412719454064
0.0278095098836045
0.0403580886748419
0.0569753901959044
0.0782462420200841
0.104534376118142
0.135854565319117
0.171754769291294
0.211233519974768
0.252718089336412
0.294123202005114
0.332998060298329
0.366752923797072
0.392938812519365
0.409539442263113
0.4152273992687
0.409539442263113
0.392938812519365
0.366752923797071
0.332998060298329
0.294123202005114
0.252718089336412
0.211233519974768
0.171754769291294
0.135854565319117
0.104534376118141
0.078246242020084
0.0569753901959043
0.0403580886748418
0.0278095098836044
0.0186412719454063
0.0121556227127017
0.00771078056967925
0.00475815887742926
0.00285626827925298
0.00166793267580641
0.000947496249368325
0.000523595547422356
0.000281471127313718
0.000147194378051601
7.48803827760323e-05
3.7056496042461e-05
1.78393944893332e-05
8.35440124945584e-06
3.8060107721908e-06
1.68672452219534e-06
7.27173037024748e-07
3.04965588952469e-07
1.24418044619564e-07
4.93782128736659e-08
1.90636838116146e-08
7.15974817457081e-09
2.61582165736417e-09
9.29689610084341e-10
3.21430649850818e-10
1.08107558104445e-10
3.53707518816372e-11
1.12577600647648e-11
3.48561284609514e-12
1.04984641421066e-12
3.07603911387848e-13
8.7675328216934e-14
2.43098573144559e-14
6.55702563808698e-15
1.72048470580154e-15
4.39151341194188e-16
1.09042819675957e-16
2.63390068601627e-17
6.18900994048586e-18
1.41469372647226e-18
3.14574226645454e-19
6.8046111135842e-20
1.43186787419276e-20
2.93104200847761e-21
5.83660903579146e-22
1.13062510868959e-22
2.13057149032841e-23
3.9056476378777e-24
6.96481314991807e-25
1.2082181149376e-25
2.03892231254434e-26
3.34715232257161e-27
5.3452711120623e-28
8.30392581903893e-29
1.25492175096319e-29
1.84488498075216e-30
2.63840466590225e-31
3.67056551388016e-32
4.96757023459515e-33
6.53995130853189e-34
8.37576485460103e-35
1.0435034761536e-35
1.2646862202556e-36
1.49104632148318e-37
1.71008992065082e-38
1.9079466263545e-39
2.07077521433338e-40
2.18634733493959e-41
2.24556080504632e-42
2.24362331175618e-43
2.18069300648929e-44
2.06185718446022e-45
1.89645303717862e-46
1.69685630793123e-47
1.47695582003956e-48
1.25057402624136e-49
1.03007955358956e-50
8.253755349923e-52
6.43356775879863e-53
4.87833510153928e-54
3.59841163358767e-55
2.58207895142271e-56
1.80238537704565e-57
1.22389808610457e-58
8.08467039166416e-60
5.19515900346484e-61
3.24754241727093e-62
1.97483257772289e-63
1.16822150379278e-64
6.72263561515504e-66
3.76333959962753e-67
2.0493999028746e-68
