2.17592634732956e-09
8.46109985817365e-09
3.13157494199928e-08
1.10319467500672e-07
3.69908970547629e-07
1.18056778679564e-06
3.5862482814626e-06
1.03691495075114e-05
2.85364062165331e-05
7.4749583933522e-05
0.000186368126612507
0.000442270384164295
0.000998981478804214
0.00214773341081822
0.00439497762996126
0.00856024753954932
0.0158697226580836
0.0280030740904187
0.0470322159014056
0.0751862684647849
0.11440235913011
0.165685608989679
0.228395716948437
0.299670837354237
0.374243586302626
0.44485411273156
0.503308439505283
0.542006100036026
0.555555555555556
0.542006100036025
0.503308439505283
0.44485411273156
0.374243586302626
0.299670837354237
0.228395716948437
0.165685608989679
0.11440235913011
0.0751862684647848
0.0470322159014055
0.0280030740904187
0.0158697226580836
0.0085602475395493
0.00439497762996124
0.00214773341081822
0.000998981478804214
0.000442270384164292
0.000186368126612506
7.4749583933522e-05
2.85364062165331e-05
1.03691495075115e-05
3.58624828146259e-06
1.18056778679564e-06
3.69908970547629e-07
1.10319467500672e-07
3.13157494199928e-08
8.46109985817365e-09
2.17592634732956e-09
5.32616872439356e-10
1.24090635344619e-10
2.7517973948513e-11
5.8082762130934e-12
1.16689405151793e-12
2.23135643524182e-13
4.06125101030276e-14
7.03564752727459e-15
1.1601166892106e-15
1.8207597068673e-16
2.71992514699227e-17
3.86736025435496e-18
5.23390295401158e-19
6.7420203784766e-20
8.26623628061348e-21
9.6467034458997e-22
1.07152769331328e-22
1.13287301103716e-23
1.14001986809925e-24
1.09193545786873e-25
9.95485357434584e-27
8.63825743924997e-28
7.13461870704233e-29
5.60878448183585e-30
4.19681761159255e-31
2.9889923111229e-32
2.02620255620012e-33
1.30735724776045e-34
8.02895562752315e-36
4.69328789623915e-37
2.61125143888368e-38
1.38284514073751e-39
6.97030468769698e-41
3.34413141747448e-42
1.52710278217234e-43
6.63753095820917e-45
2.74598531211696e-46
1.08129257073014e-47
4.05267322513576e-49
1.44575037672082e-50
4.9090606763845e-52
1.58656125714306e-53
4.88054867673151e-55
1.4290052070236e-56
3.98246834869014e-58
1.05638983441304e-59
2.66716235495522e-61
6.40955754689936e-63
1.4660878964557e-64
3.19187095290582e-66
6.61430168487702e-68
1.30459597307459e-69
2.44918407303527e-71
4.37643193478612e-73
7.44341595753546e-75
1.20497422951965e-76
1.85667798302382e-78
2.72300710789054e-80
3.80114399112091e-82
5.05048664195397e-84
6.38712610889468e-86
7.68831403742654e-88
8.80866505264546e-90
9.60599679466833e-92
9.97075712072525e-94
9.85070234155752e-96
9.26316956449999e-98
8.29097089708921e-100
7.06324915696635e-102
5.72739348093035e-104
4.42041327330646e-106
3.2472975635855e-108
2.27056875861646e-110
1.51112568756524e-112
9.57237882338206e-115
5.77155083713468e-117
3.31221509702159e-119
1.80924715437984e-121
9.40655551731891e-124
4.65496807434436e-126
2.19258353959847e-128
9.8298966321298e-131
4.19464403228904e-133
1.70370591354673e-135
6.58639100291929e-138
2.42355983470506e-140
8.48815580199285e-143
2.82960814948167e-145
8.97826896566806e-148
2.71151670588283e-150
7.79444714382006e-153
2.13261130497971e-155
5.55381560896304e-158
1.37665325295215e-160
