1.24286833092559e-24
3.65784411137718e-24
1.06479467904319e-23
3.06582357845254e-23
8.73110188400153e-23
2.45941354540728e-22
6.85227325726239e-22
1.88833218319733e-21
5.14710140767564e-21
1.38767467650081e-20
3.70043866043198e-20
9.76021455419341e-20
2.54627981989686e-19
6.57042557090081e-19
1.67695527635501e-18
4.23340744317725e-18
1.05705909236375e-17
2.61065252614168e-17
6.37733874057998e-17
1.54088599568181e-16
3.68249477166509e-16
8.70471142495903e-16
2.03520061771008e-15
4.70652838054065e-15
1.07655134114343e-14
2.43561936980081e-14
5.45035387390792e-14
1.20637017121083e-13
2.64105282853398e-13
5.7189222858327e-13
1.22487539284301e-12
2.5948379047125e-12
5.43712309200159e-12
1.12685673679133e-11
2.30998337391987e-11
4.68370583719146e-11
9.39314392145199e-11
1.86325781108368e-10
3.65574195437231e-10
7.0944498587897e-10
1.36176611309466e-09
2.58539515339507e-09
4.85503031868893e-09
9.01773711790212e-09
1.65669973804169e-08
3.01044463708906e-08
5.41075780374051e-08
9.61891645223328e-08
1.69135518477667e-07
2.94160323167281e-07
5.06027334726825e-07
8.61002612204745e-07
1.44902396843688e-06
2.41205539655047e-06
3.97136308711035e-06
6.46744166630337e-06
1.04175610464954e-05
1.65974051843703e-05
2.61550134090174e-05
4.07671457557154e-05
6.28501435010695e-05
9.583912710444e-05
0.000144550645002487
0.000215644222274686
0.00031819710775975
0.000464403236155244
0.000670401311818567
0.000957227312620755
0.00135187306985141
0.00188841464576947
0.00260915218842141
0.00356567759192248
0.00481975919215089
0.00644390630665568
0.00852145397290599
0.0111459937795975
0.014419974704197
0.0184523128454045
0.0233548847318347
0.0292378380107528
0.0362037361780415
0.0443406582181477
0.0537144939356897
0.06436080234723
0.0762767216753518
0.0894135209580579
0.103670449931855
0.118890561502642
0.134859138609911
0.15130524843857
0.167906772232492
0.184299026611499
0.200086818316504
0.214859481632396
0.228208164189796
0.239744382240158
0.249118689145506
0.25603821390499
0.26028184485645
0.261711961295107
0.26028184485645
0.25603821390499
0.249118689145506
0.239744382240157
0.228208164189796
0.214859481632396
0.200086818316503
0.184299026611498
0.167906772232492
0.15130524843857
0.134859138609911
0.118890561502642
0.103670449931855
0.0894135209580577
0.0762767216753514
0.06436080234723
0.0537144939356896
0.0443406582181474
0.0362037361780414
0.0292378380107527
0.0233548847318345
0.0184523128454045
0.0144199747041969
0.0111459937795975
0.00852145397290595
0.00644390630665565
0.00481975919215086
0.00356567759192244
0.0026091521884214
0.00188841464576946
0.00135187306985139
0.000957227312620749
0.000670401311818562
0.000464403236155239
0.000318197107759748
0.000215644222274683
0.000144550645002486
9.58391271044394e-05
6.28501435010688e-05
4.07671457557151e-05
2.6155013409017e-05
1.65974051843702e-05
1.04175610464953e-05
6.46744166630328e-06
3.97136308711031e-06
2.41205539655044e-06
1.44902396843685e-06
8.61002612204739e-07
5.06027334726817e-07
2.94160323167278e-07
1.69135518477665e-07
