5.29586370901436e-09
2.14170290925514e-08
8.19944950109698e-08
2.97175639820879e-07
1.01963505822488e-06
3.31191631502853e-06
1.01839671971855e-05
2.96454243344741e-05
8.16961127403933e-05
0.000213131752462865
0.000526378281013562
0.00123069605684605
0.00272399746356533
0.00570775904144415
0.0113221161164859
0.0212614373261553
0.0377972913800173
0.0636109349440778
0.101345838695963
0.152856216395368
0.218254562838792
0.29501669973027
0.377513868762701
0.457322178541625
0.52446276282359
0.569390340623253
0.585205735980653
0.569390340623253
0.52446276282359
0.457322178541625
0.377513868762701
0.295016699730269
0.218254562838792
0.152856216395367
0.101345838695963
0.0636109349440778
0.0377972913800171
0.0212614373261553
0.0113221161164858
0.00570775904144415
0.00272399746356533
0.00123069605684604
0.000526378281013561
0.000213131752462865
8.16961127403933e-05
2.96454243344739e-05
1.01839671971854e-05
3.31191631502853e-06
1.01963505822488e-06
2.97175639820879e-07
8.19944950109692e-08
2.14170290925514e-08
5.29586370901436e-09
1.23970232347064e-09
2.74726828482537e-10
5.76351956898609e-11
1.14466265394385e-11
2.15213889929947e-12
3.83059399112682e-13
6.45453545760759e-14
1.02959612846874e-14
1.55479040871442e-15
2.22269486909761e-16
3.00809039657886e-17
3.85394010986079e-18
4.67435919162068e-19
5.36713160147302e-20
5.83398688950796e-21
6.00332279101778e-22
5.84818340609841e-23
5.39328431001037e-24
4.70856627707008e-25
3.8915902159848e-26
3.04486863036421e-27
2.25534538309261e-28
1.58146869786287e-29
1.0498111561933e-30
6.59727836513911e-32
3.92483565822349e-33
2.21045249638856e-34
1.17853894341384e-35
5.94853103303662e-37
2.8423566273844e-38
1.28573197753439e-39
5.5058625513164e-41
2.23204696041726e-42
8.56612350636407e-44
3.11220630388149e-45
1.07042308454189e-46
3.4853435820514e-48
1.07433263739243e-49
3.13498151276227e-51
8.66032600789889e-53
2.26483485295786e-54
5.60714620743426e-56
1.31416611070859e-57
2.91582656700806e-59
6.1245777997431e-61
1.21784962030167e-62
2.29252571816664e-64
4.08543034016485e-66
6.89230432775824e-68
1.10076375982388e-69
1.66428171850233e-71
2.38211434503964e-73
3.22776128577566e-75
4.14040909832927e-77
5.02791749183698e-79
5.78010958695827e-81
6.29052720118411e-83
6.48098563654849e-85
6.32117938873126e-87
5.83657692509906e-89
5.10177562356516e-91
4.22170163857817e-93
3.30717184332011e-95
2.45261301539048e-97
1.72188577233197e-99
1.14441275230416e-101
7.20052365797553e-104
4.28892564170309e-106
2.41844376891627e-108
1.29100080611226e-110
6.52409197352204e-113
3.12116464225365e-115
1.41356675949431e-117
6.06064731127892e-120
2.45994128639171e-122
9.45221329983176e-125
3.43831235156417e-127
1.18402312178307e-129
3.85991802624099e-132
1.1912393249226e-134
3.48035066784496e-137
9.62609245364058e-140
2.52046165694709e-142
6.24759981836204e-145
1.46605193089677e-147
3.25678093490442e-150
6.84905702074531e-153
1.36356567058519e-155
2.56994824772305e-158
4.58538429237065e-161
7.74515551034681e-164
1.23847597844785e-166
1.8747703428884e-169
2.68665316292283e-172
3.64483754277922e-175
4.68109860477696e-178
5.69141750269049e-181
6.55082718959749e-184
