5.13524178863994e-11
1.80431136510991e-10
6.11911783708895e-10
2.00305508356751e-09
6.32883411225789e-09
1.93010651306037e-08
5.68153366202909e-08
1.61427171067758e-07
4.42705005015635e-07
1.1718687464334e-06
2.99412726307364e-06
7.38394211843008e-06
1.75765265931649e-05
4.03835572207976e-05
8.95576793420075e-05
0.000191702525947346
0.000396076962985036
0.000789874466814916
0.00152041908051762
0.00282484934584645
0.00506586969986558
0.0087687862346165
0.0146504746372814
0.0236260245487466
0.0367753107206752
0.0552521007172151
0.0801249889743564
0.112153779800166
0.151525801780121
0.197599577053097
0.248720839360941
0.302179558709396
0.354360033950621
0.4010985856781
0.438212004531483
0.462108710269499
0.470360434191799
0.462108710269499
0.438212004531483
0.4010985856781
0.354360033950621
0.302179558709395
0.248720839360941
0.197599577053097
0.151525801780121
0.112153779800166
0.0801249889743563
0.055252100717215
0.0367753107206752
0.0236260245487466
0.0146504746372814
0.00876878623461648
0.00506586969986558
0.00282484934584645
0.00152041908051762
0.00078987446681491
0.000396076962985035
0.000191702525947346
8.95576793420067e-05
4.03835572207976e-05
1.75765265931648e-05
7.38394211843014e-06
2.99412726307364e-06
1.17186874643339e-06
4.42705005015635e-07
1.61427171067758e-07
5.68153366202913e-08
1.93010651306037e-08
6.3288341122578e-09
2.00305508356752e-09
6.11911783708895e-10
1.80431136510988e-10
5.13524178863994e-11
1.41070775229588e-11
3.74058866130818e-12
9.57347477260201e-13
2.36497190221724e-13
5.63909118781646e-14
1.29783354043469e-14
2.88307283275995e-15
6.18185733103327e-16
1.27940807092459e-16
2.55579454121555e-17
4.92798678310303e-18
9.17148952840562e-19
1.64754376037454e-19
2.85667468933438e-20
4.78091870562105e-21
7.72304695377231e-22
1.20418367550185e-22
1.81227266362478e-23
2.63257703086604e-24
3.69118132527232e-25
4.99547070133418e-26
6.52550604550101e-27
8.22770516390376e-28
1.00131330925549e-28
1.17621848673414e-29
1.33362201839299e-30
1.45950053120247e-31
1.54170933342505e-32
1.57190932325338e-33
1.5469604909618e-34
1.4694597617679e-35
1.34729568390727e-36
1.19232563873653e-37
1.01848254647438e-38
8.39728790099442e-40
6.68268883289289e-41
5.1332235698773e-42
3.80588677564688e-43
2.72363114807247e-44
1.88134075880576e-45
1.25433453814082e-46
8.07209084713623e-48
5.01401288047945e-49
3.00615655133685e-50
1.73966043253251e-51
9.71726669044584e-53
5.23902538043534e-54
2.72636267007375e-55
1.36944153227148e-56
6.63941946353731e-58
3.10701581281924e-59
1.40340675911313e-60
6.11857669452288e-62
2.57480294067931e-63
1.04583778596897e-64
4.10026008134055e-66
1.55161948728153e-67
5.66742510614905e-69
1.99808103672417e-70
6.79934613445973e-72
2.23330452929675e-73
7.08036239886206e-75
2.16665503975642e-76
6.39957008656828e-78
1.82447775280567e-79
5.02057071375984e-81
1.33350407988278e-82
3.41871071470462e-84
8.45974167036466e-86
2.02059183554027e-87
4.65829330715807e-89
1.03657757823453e-90
2.22640175127049e-92
4.61564079646057e-94
9.23606999840486e-96
1.78389452286634e-97
3.32566019567473e-99
5.98429944541673e-101
