1.01048517129095e-25
2.96167580494633e-25
8.59078677172545e-25
2.46613139246702e-24
7.00627747336099e-24
1.96990963249453e-23
5.48142055780856e-23
1.50948149828115e-22
4.11386763254947e-22
1.10958527019083e-21
2.96182163675431e-21
7.82429055403623e-21
2.0455913907937e-20
5.29274114747232e-20
1.35528387502814e-19
3.43453334727939e-19
8.613765676319e-19
2.13799270323153e-18
5.25178856904703e-18
1.27672128260972e-17
3.07165766420804e-17
7.31370393124125e-17
1.72341468257106e-16
4.01911146694736e-16
9.27594496610438e-16
2.11872272608956e-15
4.78936500105779e-15
1.07144429552957e-14
2.37218801425022e-14
5.19776292570944e-14
1.12712394571214e-13
2.41888229303704e-13
5.1374267629952e-13
1.0798524098008e-12
2.24631682144533e-12
4.62450726851295e-12
9.42210138278892e-12
1.89984394529548e-11
3.79119335775537e-11
7.48724061301794e-11
1.46337453975531e-10
2.83059052806752e-10
5.41859201784905e-10
1.0265585069215e-09
1.92472553997415e-09
3.57142686895348e-09
6.55847041230489e-09
1.19193127445268e-08
2.1438170283958e-08
3.81603251768962e-08
6.72239870633318e-08
1.17199110793603e-07
2.02214463660254e-07
3.45293151440328e-07
5.83514379657697e-07
9.75894815410291e-07
1.61525951541276e-06
2.64587580559396e-06
4.2892805334149e-06
6.881566285243e-06
1.09264225836569e-05
1.71694561171049e-05
2.67007175511001e-05
4.10938826908982e-05
6.25920636657244e-05
9.43515879371874e-05
0.000140756029146368
0.000207812969805575
0.000303645004525922
0.000439083868662671
0.000628371780244247
0.000889966610839375
0.00124743694813845
0.00173041927054744
0.0023755924260959
0.00322760493322565
0.00433986938286375
0.00577511712310511
0.00760558778938141
0.00991271500998933
0.0127861650647457
0.0163220927936632
0.0206205017195268
0.0257816354281419
0.0319013856563411
0.0390657783192405
0.0473446886470471
0.0567850350153474
0.0674037998821296
0.0791813154886972
0.0920553204975299
0.105916330376363
0.120604859304329
0.135910977703859
0.151576584396599
0.16730061825835
0.182747239248571
0.197556786525936
0.2113590904111
0.223788496645406
0.234499777991716
0.243183980317902
0.249583194248461
0.253503269168817
0.254823595718813
0.253503269168817
0.249583194248461
0.243183980317902
0.234499777991716
0.223788496645406
0.211359090411099
0.197556786525935
0.182747239248571
0.16730061825835
0.151576584396599
0.135910977703858
0.120604859304328
0.105916330376362
0.0920553204975297
0.0791813154886969
0.0674037998821293
0.0567850350153472
0.047344688647047
0.0390657783192403
0.0319013856563408
0.0257816354281419
0.0206205017195267
0.0163220927936631
0.0127861650647456
0.00991271500998929
0.00760558778938135
0.00577511712310508
0.00433986938286373
0.00322760493322562
0.00237559242609588
0.00173041927054742
0.00124743694813845
0.000889966610839366
0.000628371780244239
0.000439083868662667
0.000303645004525918
0.000207812969805574
0.000140756029146367
9.43515879371862e-05
6.2592063665724e-05
4.10938826908977e-05
2.67007175510997e-05
1.71694561171047e-05
1.09264225836567e-05
6.88156628524293e-06
4.28928053341483e-06
