6.22341505947988e-16
1.94876750231635e-15
5.98435367378919e-15
1.80218942606084e-14
5.32242540592367e-14
1.54150412450233e-13
4.37830245978931e-13
1.21953084793722e-12
3.33123891949431e-12
8.92369533791416e-12
2.34428089877678e-11
6.03949358755457e-11
1.52586939181298e-10
3.78059503451419e-10
9.18605241478706e-10
2.1888885022322e-09
5.11498450241134e-09
1.17217098160584e-08
2.6342899232036e-08
5.80580087882881e-08
1.25483511763154e-07
2.65972755808195e-07
5.52858006347244e-07
1.12697949639054e-06
2.25291282677191e-06
4.41670834507947e-06
8.49139448327295e-06
1.60097766841756e-05
2.96017572088435e-05
5.36754472319617e-05
9.5446457140905e-05
0.000166444678512659
0.00028464658521131
0.000477384158080384
0.000785156063649281
0.00126639718497375
0.00200313327485443
0.00310724655620986
0.00472680348211226
0.00705156217551182
0.0103164218743872
0.0148012641415341
0.020825454378805
0.0287353256923118
0.0388833543625419
0.0515985246433604
0.0671485758356484
0.0856963430415894
0.107254058326783
0.131640990156933
0.158450826044956
0.187035410136023
0.216510581461539
0.245787831362632
0.27363244461107
0.298745081906161
0.319859975606047
0.335849724566256
0.345824736317246
0.349215147884789
0.345824736317245
0.335849724566256
0.319859975606047
0.298745081906161
0.27363244461107
0.245787831362632
0.216510581461539
0.187035410136022
0.158450826044955
0.131640990156933
0.107254058326783
0.0856963430415891
0.0671485758356483
0.0515985246433602
0.0388833543625419
0.0287353256923117
0.0208254543788051
0.0148012641415341
0.0103164218743872
0.00705156217551183
0.00472680348211225
0.00310724655620985
0.00200313327485443
0.00126639718497376
0.000785156063649277
0.000477384158080384
0.000284646585211311
0.000166444678512659
9.54464571409046e-05
5.36754472319618e-05
2.96017572088435e-05
1.60097766841755e-05
8.49139448327298e-06
4.41670834507946e-06
2.25291282677189e-06
1.12697949639054e-06
5.52858006347249e-07
2.65972755808191e-07
1.25483511763154e-07
5.80580087882885e-08
2.6342899232036e-08
1.17217098160584e-08
5.11498450241137e-09
2.1888885022322e-09
9.186052414787e-10
3.78059503451419e-10
1.52586939181298e-10
6.03949358755453e-11
2.34428089877678e-11
8.92369533791432e-12
3.33123891949425e-12
1.21953084793722e-12
4.37830245978936e-13
1.54150412450233e-13
5.32242540592367e-14
1.80218942606085e-14
5.98435367378919e-15
1.94876750231635e-15
6.22341505947988e-16
1.94905217685507e-16
5.98610218155031e-17
1.80297932899798e-17
5.32553607156792e-18
1.54263036249839e-18
4.38214133692578e-19
1.22077843182123e-19
3.33513391013764e-20
8.93543429781299e-21
2.34770765925616e-21
6.04920537204859e-22
1.5285463165553e-22
3.78778079594392e-23
9.20485674920337e-24
2.19368967838065e-24
5.12695270070366e-25
1.17508529390722e-25
2.64122520336822e-26
5.82193611790284e-27
1.25850631776399e-27
2.66789864033898e-28
5.54637478326691e-29
1.13077203889004e-29
2.26082460255995e-30
4.43286638994605e-31
8.52370427679151e-32
1.60730415504584e-32
2.97230739733943e-33
5.39032981096514e-34
9.58656268050318e-35
1.6720007007212e-35
2.85980193292489e-36
