4.16784693607487e-23
1.23474923348782e-22
3.61485547629344e-22
1.04579914266361e-21
2.98985959121202e-21
8.44692182970801e-21
2.35825805203912e-20
6.50622901624507e-20
1.77383220594309e-19
4.77904252141867e-19
1.27237293617714e-18
3.34759661903783e-18
8.70356120185889e-18
2.23617621538847e-17
5.6775403520838e-17
1.42449065535165e-16
3.53186543929388e-16
8.65354114119323e-16
2.0952157297363e-15
5.01312805492732e-15
1.18531565442733e-14
2.7695193979118e-14
6.39469701068206e-14
1.4590853661093e-13
3.28992957135177e-13
7.33056872293995e-13
1.61411289656789e-12
3.5121682679984e-12
7.55199843746856e-12
1.60469920492914e-11
3.36953950750566e-11
6.99185861218921e-11
1.43370530286976e-10
2.90517511198359e-10
5.81741314310115e-10
1.15115199345256e-09
2.25102646716158e-09
4.34984420280228e-09
8.30638338722802e-09
1.56745619256852e-08
2.92296773105916e-08
5.38639004888254e-08
9.80881958867115e-08
1.76514693811872e-07
3.13899157463832e-07
5.51625844951224e-07
9.57953063700137e-07
1.64395159195813e-06
2.78791153537686e-06
4.67212143223215e-06
7.73738886895154e-06
1.26625127644516e-05
2.04781413938133e-05
3.27270114048528e-05
5.16853340679189e-05
8.06628340919853e-05
0.000124401264677156
0.000189592556793426
0.000285537360546697
0.000424961677109965
0.000625002512613939
0.000908361938869453
0.0013046116828223
0.00185160680134001
0.00259693715975286
0.00359931025290949
0.00492972048670352
0.00667222183519268
0.00892408766585339
0.0117951195784282
0.0154058632181038
0.0198845101408052
0.0253623169019773
0.0319674594049933
0.0398173625266486
0.0490096979111979
0.0596124170664216
0.0716533675765149
0.0851102077517811
0.0999014666961234
0.115879669372898
0.132827439180229
0.150457389243584
0.168416412770704
0.186294688695416
0.203639350442851
0.219972353953442
0.234811666507182
0.247694525922813
0.258201235469171
0.265977801910859
0.270755718911769
0.272367355351422
0.270755718911769
0.265977801910859
0.258201235469171
0.247694525922813
0.234811666507181
0.219972353953442
0.203639350442851
0.186294688695416
0.168416412770704
0.150457389243584
0.132827439180229
0.115879669372897
0.0999014666961234
0.0851102077517809
0.0716533675765147
0.0596124170664216
0.0490096979111979
0.0398173625266484
0.0319674594049931
0.0253623169019773
0.0198845101408051
0.0154058632181037
0.0117951195784282
0.00892408766585335
0.00667222183519264
0.00492972048670352
0.00359931025290948
0.00259693715975285
0.00185160680134
0.00130461168282229
0.000908361938869453
0.000625002512613935
0.000424961677109965
0.000285537360546695
0.000189592556793425
0.000124401264677156
8.0662834091985e-05
5.16853340679185e-05
3.27270114048528e-05
2.04781413938132e-05
1.26625127644515e-05
7.73738886895147e-06
4.67212143223212e-06
2.78791153537686e-06
1.64395159195812e-06
9.57953063700127e-07
5.51625844951218e-07
3.13899157463829e-07
1.76514693811872e-07
9.80881958867105e-08
5.38639004888248e-08
2.92296773105916e-08
1.5674561925685e-08
8.30638338722796e-09
4.34984420280225e-09
2.25102646716156e-09
1.15115199345256e-09
5.81741314310109e-10
