1.35676884761647e-26
3.9646803248966e-26
1.14703949889617e-25
3.28561336552577e-25
9.31799397246854e-25
2.61635264108793e-24
7.27340915594952e-24
2.00192426670653e-23
5.45538185060273e-23
1.47187371795449e-22
3.93173131913053e-22
1.03983635899299e-21
2.7227894008916e-21
7.05880182356129e-21
1.8118231839406e-20
4.60435203792344e-20
1.15848153409555e-19
2.88587552778939e-19
7.11760627739636e-19
1.73803377291014e-18
4.20194484382632e-18
1.00579707667407e-17
2.38362688992579e-17
5.59286155055387e-17
1.29926502156637e-16
2.98833519777761e-16
6.80500986443047e-16
1.53424986414877e-15
3.42476923377627e-15
7.56892877965319e-15
1.65617189155526e-14
3.58793268006007e-14
7.69575171148779e-14
1.63427709821409e-13
3.43611924957303e-13
7.15284222527993e-13
1.47420184116836e-12
3.0081752819219e-12
6.07739148331114e-12
1.2156237402074e-11
2.40740422523373e-11
4.72026900375234e-11
9.163309716431e-11
1.7611886082902e-10
3.35140763764416e-10
6.31417374245752e-10
1.17780579333271e-09
2.17519767279672e-09
3.97733030376573e-09
7.20033120567479e-09
1.29056883673646e-08
2.29022293573778e-08
4.02385415004614e-08
6.99962199737304e-08
1.20552113663202e-07
2.05562057924715e-07
3.47039548630303e-07
5.80073289737343e-07
9.59963348946811e-07
1.57287540529132e-06
2.55153703471547e-06
4.09805060170393e-06
6.51659367312368e-06
1.02596336584771e-05
1.59923008190629e-05
2.4680726109875e-05
3.77114125655109e-05
5.70499874597057e-05
8.54488440292622e-05
0.00012671403365101
0.000186042053878123
0.00027043657083146
0.000389213235917105
0.000554597192498718
0.000782412207969885
0.00109285226063344
0.00151131564198987
0.00206926820662553
0.00280508663074864
0.00376481514605153
0.00500275138886703
0.00658176043800844
0.00857320297458295
0.0110563563206546
0.0141172086190195
0.0178465192237181
0.0223370646462695
0.0276800304516343
0.03396056535353
0.0412525828202903
0.0496129742929619
0.0590754812246536
0.0696445534079592
0.0812895899977474
0.0939400082139655
0.107481604251559
0.121754654228911
0.136554145450936
0.151632428789842
0.166704444792783
0.1814555069262
0.195551437127654
0.208650656942002
0.220417659416049
0.230537140361991
0.238727968654085
0.244756136366701
0.248445858010924
0.249688084719461
0.248445858010924
0.244756136366701
0.238727968654085
0.230537140361991
0.220417659416049
0.208650656942002
0.195551437127654
0.1814555069262
0.166704444792783
0.151632428789842
0.136554145450935
0.121754654228911
0.107481604251559
0.0939400082139653
0.0812895899977474
0.0696445534079592
0.0590754812246536
0.0496129742929619
0.0412525828202903
0.03396056535353
0.0276800304516343
0.0223370646462695
0.0178465192237181
0.0141172086190194
0.0110563563206546
0.00857320297458295
0.00658176043800841
0.00500275138886703
0.00376481514605153
0.00280508663074862
0.00206926820662553
0.00151131564198987
0.00109285226063344
0.000782412207969885
0.000554597192498715
0.000389213235917105
0.000270436570831459
0.000186042053878121
0.00012671403365101
8.54488440292617e-05
5.70499874597057e-05
3.77114125655109e-05
