4.55742964031892e-15
1.44428277617973e-14
4.48118706839921e-14
1.36126443586766e-13
4.04855930234949e-13
1.17887319859132e-12
3.36079688303551e-12
9.38050068833094e-12
2.56341166314746e-11
6.85834415859951e-11
1.79650642914942e-10
4.60730389750255e-10
1.15684060819949e-09
2.84386367113077e-09
6.84467141195419e-09
1.6128909947185e-08
3.7210543428262e-08
8.40495882882016e-08
1.85871905262383e-07
4.02439400421643e-07
8.5309189983099e-07
1.7705154698016e-06
3.59759454095076e-06
7.15703741784756e-06
1.39400054118437e-05
2.65828278842919e-05
4.96304255194341e-05
9.07200749885314e-05
0.000162355641766043
0.0002844722784937
0.000488001436312405
0.000819616762028782
0.00134774939439296
0.0021697816973522
0.00342004263448245
0.00527783223088601
0.00797422020362655
0.0117958556692967
0.0170835946477207
0.0242235421134783
0.0336282774207439
0.0457067326502745
0.0608225066431853
0.079242293099835
0.101078394957676
0.126231639223399
0.154342911761781
0.184762461218272
0.216545603583136
0.24848122837228
0.279155624253554
0.307049052383396
0.330657001431693
0.348623185624509
0.359868135223872
0.363696483726654
0.359868135223872
0.348623185624509
0.330657001431693
0.307049052383396
0.279155624253553
0.24848122837228
0.216545603583136
0.184762461218271
0.154342911761781
0.126231639223399
0.101078394957676
0.079242293099835
0.060822506643185
0.0457067326502744
0.0336282774207439
0.0242235421134782
0.0170835946477206
0.0117958556692966
0.00797422020362655
0.005277832230886
0.00342004263448246
0.0021697816973522
0.00134774939439295
0.000819616762028782
0.000488001436312404
0.000284472278493698
0.000162355641766043
9.07200749885319e-05
4.96304255194337e-05
2.65828278842918e-05
1.39400054118438e-05
7.15703741784756e-06
3.59759454095075e-06
1.7705154698016e-06
8.5309189983099e-07
4.0243940042164e-07
1.85871905262383e-07
8.4049588288201e-08
3.72105434282618e-08
1.6128909947185e-08
6.84467141195424e-09
2.84386367113075e-09
1.15684060819949e-09
4.60730389750259e-10
1.79650642914942e-10
6.85834415859946e-11
2.56341166314748e-11
9.38050068833094e-12
3.36079688303548e-12
1.17887319859133e-12
4.04855930234946e-13
1.36126443586765e-13
4.48118706839921e-14
1.44428277617973e-14
4.55742964031885e-15
1.40797938265761e-15
4.25874072387173e-16
1.26117306892121e-16
3.65659413449635e-17
1.03797623611452e-17
2.88473979389685e-18
7.84936388334787e-19
2.09108103063169e-19
5.45400892518627e-20
1.39273794701495e-20
3.48202235867333e-21
8.52319225196459e-22
2.04259185697584e-22
4.79258131444923e-23
1.10094586975731e-23
2.47611622127424e-24
5.45236180006336e-25
1.17545738798407e-25
2.48106244991256e-26
5.12716252402789e-27
1.03734938764564e-27
2.05485701817429e-28
3.98516900160372e-29
7.56694298048816e-30
1.40670412737133e-30
2.56031643723695e-31
4.56239738307393e-32
7.95978169506314e-33
1.35962075880493e-33
2.27375150255179e-34
3.72286076335332e-35
5.96786747934791e-36
9.36634456117871e-37
1.43922824015009e-37
2.1651988923957e-38
3.18914674206838e-39
4.59896169035523e-40
6.49312350013999e-41
8.97544762703083e-42
1.21469474677962e-42
