6.42285623185559e-13
2.12104458091767e-12
6.81887109172397e-12
2.1341073013337e-11
6.50221178173222e-11
1.92862173774645e-10
5.56895991584087e-10
1.5654608615067e-09
4.28401935364683e-09
1.14130500515234e-08
2.96000951624818e-08
7.4735265285811e-08
1.83695763882235e-07
4.39555572279931e-07
1.02392825262351e-06
2.32202210879203e-06
5.12630288100001e-06
1.10175051430334e-05
2.30517207157015e-05
4.6953127369269e-05
9.31036671114221e-05
0.000179725680870516
0.000337749391930896
0.000617902712621987
0.00110049155832887
0.00190807049930542
0.003220647590994
0.00529216142751428
0.00846572287402425
0.0131836632129325
0.0199870749122795
0.029498740137253
0.0423836918726132
0.0592836844504011
0.0807258595622504
0.107011698391656
0.138099123879891
0.173496883338541
0.212194205206566
0.252648340144351
0.292846789242139
0.330449859841614
0.363004296148986
0.388203141537055
0.404154495576094
0.40961596025952
0.404154495576094
0.388203141537055
0.363004296148986
0.330449859841614
0.292846789242139
0.252648340144351
0.212194205206566
0.173496883338541
0.138099123879891
0.107011698391656
0.0807258595622504
0.0592836844504012
0.0423836918726131
0.029498740137253
0.0199870749122795
0.0131836632129325
0.00846572287402425
0.00529216142751426
0.003220647590994
0.00190807049930542
0.00110049155832887
0.000617902712621987
0.000337749391930895
0.000179725680870516
9.31036671114221e-05
4.69531273692688e-05
2.30517207157015e-05
1.10175051430333e-05
5.12630288100003e-06
2.32202210879203e-06
1.02392825262352e-06
4.39555572279933e-07
1.83695763882235e-07
7.47352652858115e-08
2.96000951624818e-08
1.14130500515233e-08
4.28401935364683e-09
1.56546086150673e-09
5.56895991584083e-10
1.92862173774646e-10
6.50221178173229e-11
2.13410730133372e-11
6.81887109172397e-12
2.12104458091769e-12
6.42285623185566e-13
1.89342319412718e-13
5.43385784279243e-14
1.51813341644673e-14
4.12907427314068e-15
1.09329292533105e-15
2.81813288884628e-16
7.07175956741638e-17
1.72756577948282e-17
4.10849522448645e-18
9.51200495881795e-19
2.14388969745941e-19
4.70407128360329e-20
1.00481576192195e-20
2.08948891453275e-21
4.22994569250166e-22
8.33624748685305e-23
1.599364658716e-23
2.98720810212859e-24
5.43155960348315e-25
9.61445582844343e-26
1.65678424140386e-26
2.77938231246415e-27
4.53912049326058e-28
7.21665960914486e-29
1.11697079715925e-29
1.68301700490373e-30
2.4687452480554e-31
3.52537351724271e-32
4.90089148149256e-33
6.63263536759698e-34
8.7385272794273e-35
1.12080860863182e-35
1.3994769743171e-36
1.70114426161711e-37
2.01306417168066e-38
2.31907707091747e-39
2.60084117663027e-40
2.83957648058813e-41
3.01810535687645e-42
3.1228872870063e-43
3.14571454909014e-44
3.08477434233733e-45
2.94488660569938e-46
2.7368742353208e-47
2.47617989681909e-48
2.18097472855643e-49
1.87007989420966e-50
1.56102829975159e-51
1.26853507382105e-52
1.00354134663341e-53
7.72874803431732e-55
5.79460871692363e-56
4.22941371699787e-57
3.00522720240433e-58
2.07881355900639e-59
1.39989305225917e-60
9.17730706614355e-62
5.85702065896509e-63
3.63897721541531e-64
2.2010150115799e-65
