1.46407541390427e-13
4.76524117675487e-13
1.51292151569012e-12
4.68552206492934e-12
1.41549927287591e-11
4.17129964824005e-11
1.19906631321944e-10
3.36221197155724e-10
9.19638307164255e-10
2.4536866017873e-09
6.38603367881777e-09
1.62126270598301e-08
4.0150009816995e-08
9.69902310435492e-08
2.28549569162071e-07
5.2534293366685e-07
1.17791908391747e-06
2.57630986224944e-06
5.49655792388909e-06
1.1439145841528e-05
2.3222365701048e-05
4.59863984450467e-05
8.88305622223254e-05
0.00016738074585061
0.000307651234175539
0.000551597005128158
0.000964706517034715
0.00164580584452484
0.00273887406165999
0.00444606288330184
0.00704026835764506
0.0108745902393296
0.0163850082444547
0.0240818863224723
0.0345258528102443
0.0482845738151756
0.0658692115734247
0.0876529632769963
0.113778660220715
0.144067195881427
0.177942409004818
0.21438969351519
0.251963954600222
0.288857071274805
0.323026138775144
0.352372821361509
0.374953331139145
0.389190386241894
0.39405520311955
0.389190386241894
0.374953331139145
0.352372821361509
0.323026138775144
0.288857071274805
0.251963954600222
0.21438969351519
0.177942409004818
0.144067195881427
0.113778660220715
0.0876529632769963
0.0658692115734245
0.0482845738151757
0.0345258528102443
0.0240818863224722
0.0163850082444547
0.0108745902393296
0.00704026835764507
0.00444606288330182
0.00273887406165998
0.00164580584452484
0.000964706517034712
0.000551597005128154
0.000307651234175539
0.000167380745850609
8.88305622223257e-05
4.59863984450466e-05
2.32223657010482e-05
1.1439145841528e-05
5.49655792388908e-06
2.57630986224945e-06
1.17791908391747e-06
5.25342933666847e-07
2.28549569162072e-07
9.69902310435503e-08
4.01500098169944e-08
1.62126270598301e-08
6.38603367881789e-09
2.4536866017873e-09
9.19638307164245e-10
3.36221197155724e-10
1.19906631321944e-10
4.17129964824002e-11
1.41549927287591e-11
4.68552206492929e-12
1.51292151569009e-12
4.76524117675487e-13
1.46407541390428e-13
4.38785314892686e-14
1.28277591168414e-14
3.65813377065069e-15
1.01760315400275e-15
2.76126050438438e-16
7.30880529719472e-17
1.88710245348624e-17
4.75285582978156e-18
1.16768009617455e-18
2.79835745280659e-19
6.54172940140487e-20
1.49173622821681e-20
3.31819247140324e-21
7.19981247669814e-22
1.52388035920464e-22
3.14623119711536e-23
6.33636913088943e-24
1.24480229680867e-24
2.38545027128681e-25
4.45913302876643e-26
8.13093642150609e-27
1.44624135703922e-27
2.5092911963039e-28
4.24689402800252e-29
7.01135344437886e-30
1.1291259064376e-30
1.77375224512486e-31
2.71802607931148e-32
4.06278982114965e-33
5.92386519369302e-34
8.42550718287651e-35
1.16895290448879e-35
1.58200572419251e-36
2.08847442690735e-37
2.68943063716088e-38
3.37832641596744e-39
4.13954821335151e-40
4.94782529243041e-41
5.76880477988241e-42
6.56096020337754e-43
7.27878748245924e-44
7.87699827911488e-45
8.3151968818391e-46
8.56237802134767e-47
8.60055215128445e-48
8.42690978591188e-49
8.05416329633507e-50
7.50900842383376e-51
6.82896406598913e-52
6.05810977155637e-53
5.24239238723413e-54
4.42519064055124e-55
3.64371601155679e-56
2.92662536226422e-57
