9.40841202631593e-19
2.86297003407355e-18
8.57744277355097e-18
2.53011003350514e-17
7.34787130727782e-17
2.10099116731062e-16
5.91462840555943e-16
1.63934837898184e-15
4.47358402908375e-15
1.20193365469591e-14
3.17940567523074e-14
8.28041202243985e-14
2.12323713929387e-13
5.36025696671551e-13
1.33233448980677e-12
3.26047957452124e-12
7.85579695772438e-12
1.86354364713872e-11
4.35240640645556e-11
1.00082896433979e-10
2.26584836639508e-10
5.05059300810213e-10
1.10839474025354e-09
2.39489839031985e-09
5.09471953186268e-09
1.06707273242117e-08
2.20043384655077e-08
4.46748562393954e-08
8.93014608821038e-08
1.75749669217083e-07
3.4054226623192e-07
6.49662920593339e-07
1.22024121967557e-06
2.25654425531693e-06
4.10849319615932e-06
7.36481499338888e-06
1.29981535805719e-05
2.25861412236571e-05
3.86405204530108e-05
6.50855303685086e-05
0.000107936040340093
0.000176233744237265
0.000283303674575161
0.000448389980632191
0.000698715125074409
0.00107197570376759
0.00161923652916339
0.00240810930629656
0.00352600279477715
0.0050831117916185
0.00721468248755128
0.0100819685293099
0.0138711990816466
0.0187898461883667
0.0250595344218672
0.0329051082479692
0.0425396784142938
0.0541459071119067
0.0678543380533793
0.0837201803426656
0.101700536755785
0.121634531786292
0.143229040712458
0.166052657916097
0.18954011187003
0.213008525721566
0.2356857870122
0.256749941198372
0.275377127326652
0.290794327362565
0.302332300217456
0.30947367990113
0.311891430775903
0.30947367990113
0.302332300217456
0.290794327362565
0.275377127326652
0.256749941198372
0.2356857870122
0.213008525721566
0.18954011187003
0.166052657916096
0.143229040712458
0.121634531786292
0.101700536755784
0.0837201803426653
0.0678543380533791
0.0541459071119065
0.0425396784142936
0.0329051082479691
0.025059534421867
0.0187898461883666
0.0138711990816465
0.0100819685293099
0.0072146824875512
0.00508311179161848
0.00352600279477714
0.00240810930629653
0.00161923652916338
0.00107197570376759
0.000698715125074405
0.000448389980632187
0.000283303674575159
0.000176233744237264
0.000107936040340092
6.50855303685083e-05
3.86405204530104e-05
2.25861412236568e-05
1.29981535805718e-05
7.36481499338887e-06
4.10849319615926e-06
2.25654425531691e-06
1.22024121967556e-06
6.49662920593333e-07
3.40542266231915e-07
1.75749669217082e-07
8.93014608821025e-08
4.46748562393946e-08
2.20043384655077e-08
1.06707273242115e-08
5.09471953186258e-09
2.39489839031982e-09
1.10839474025353e-09
5.0505930081021e-10
2.26584836639505e-10
1.00082896433978e-10
4.35240640645553e-11
1.86354364713867e-11
7.85579695772429e-12
3.26047957452117e-12
1.33233448980675e-12
5.36025696671548e-13
2.12323713929383e-13
8.28041202243971e-14
3.17940567523071e-14
1.20193365469588e-14
4.4735840290837e-15
1.63934837898183e-15
5.9146284055593e-16
2.10099116731061e-16
7.34787130727762e-17
2.5301100335051e-17
8.57744277355091e-18
2.86297003407347e-18
9.4084120263158e-19
3.04408242122487e-19
9.69699203224073e-20
3.04129272561683e-20
9.39117558166069e-21
2.85510609017885e-21
8.54604338548681e-22
