1.14739927655913e-17
3.52493061322584e-17
1.06477221212146e-16
3.16251781073076e-16
9.23590350465164e-16
2.65213684421839e-15
7.48828916028452e-15
2.07892785883788e-14
5.675006550403e-14
1.52322286603227e-13
4.02004272949396e-13
1.04320106876707e-12
2.66180056373526e-12
6.67810337333355e-12
1.6474069636817e-11
3.99593847474438e-11
9.53030552266279e-11
2.23493547701634e-10
5.15339332769879e-10
1.16840048207955e-09
2.60471553035315e-09
5.7095122198572e-09
1.23057432448546e-08
2.60787533833261e-08
5.43420403634007e-08
1.11341018397178e-07
2.24307901969787e-07
4.44328420216201e-07
8.6543358946314e-07
1.65742367108819e-06
3.12106966308422e-06
5.77887795883915e-06
1.05209200132298e-05
1.88336306903435e-05
3.31500751006616e-05
5.73726775345256e-05
9.76328249886468e-05
0.000163364139031846
0.00026877429794917
0.000434799343152265
0.000691608238280696
0.00108168690391964
0.00166346290602168
0.00251532904294243
0.00373978491252128
0.00546724555736023
0.00785888024250656
0.0111076681561649
0.0154367282114583
0.0210939423249564
0.0283419929724646
0.0374432168518236
0.0486391588259255
0.0621253850279203
0.0780229319856337
0.0963486369048173
0.116987381018134
0.139669827785726
0.163959396860324
0.189251862294541
0.214790043930544
0.239694609460235
0.26301015844912
0.283763749441248
0.301031151804275
0.31400466628782
0.322055632475218
0.324784901230815
0.322055632475218
0.31400466628782
0.301031151804275
0.283763749441247
0.263010158449119
0.239694609460234
0.214790043930543
0.189251862294541
0.163959396860324
0.139669827785726
0.116987381018133
0.096348636904817
0.0780229319856334
0.06212538502792
0.0486391588259254
0.0374432168518235
0.0283419929724643
0.0210939423249563
0.0154367282114582
0.0111076681561648
0.0078588802425065
0.0054672455573602
0.00373978491252126
0.00251532904294241
0.00166346290602167
0.00108168690391963
0.000691608238280688
0.000434799343152262
0.00026877429794917
0.000163364139031844
9.76328249886462e-05
5.73726775345255e-05
3.31500751006614e-05
1.88336306903433e-05
1.05209200132298e-05
5.77887795883908e-06
3.12106966308418e-06
1.65742367108818e-06
8.65433589463131e-07
4.44328420216194e-07
2.24307901969785e-07
1.11341018397178e-07
5.43420403633998e-08
2.60787533833257e-08
1.23057432448545e-08
5.70951221985716e-09
2.60471553035311e-09
1.16840048207954e-09
5.15339332769874e-10
2.23493547701631e-10
9.53030552266272e-11
3.99593847474432e-11
1.64740696368166e-11
6.6781033733335e-12
2.66180056373522e-12
1.04320106876707e-12
4.02004272949388e-13
1.52322286603225e-13
5.67500655040294e-14
2.07892785883783e-14
7.48828916028444e-15
2.65213684421837e-15
9.23590350465144e-16
3.16251781073076e-16
1.06477221212145e-16
3.52493061322572e-17
1.14739927655911e-17
3.67238924009833e-18
1.15572092400694e-18
3.57624596923617e-19
1.08810779582145e-19
3.25526686576335e-20
9.57571934557875e-21
2.76965933977725e-21
7.87682935951906e-22
2.20265588778879e-22
6.05636452362582e-23
1.63737250971035e-23
4.35264369753374e-24
1.13770292912013e-24
2.92398250644804e-25
7.38908732482594e-26
1.83601812226681e-26
