8.46340103457006e-17
2.62318107706306e-16
7.98456182010906e-16
2.38678539177403e-15
7.00672577772259e-15
2.02002310519837e-14
5.71922285393832e-14
1.59021984323575e-13
4.34226959568967e-13
1.16443664799551e-12
3.06658080911045e-12
7.93108177861599e-12
2.014419462905e-11
5.02466203752519e-11
1.23084472786268e-10
2.96100506172886e-10
6.99543130578741e-10
1.623040320886e-09
3.69814204458348e-09
8.27517780193871e-09
1.8184884452414e-08
3.92448997709678e-08
8.31754901899116e-08
1.73119895074379e-07
3.53865365118728e-07
7.10343812264802e-07
1.40035650151787e-06
2.71111592969855e-06
5.15462447961866e-06
9.62466099351948e-06
1.76487242396986e-05
3.17819587488087e-05
5.62066198255992e-05
9.76188626447912e-05
0.000166502011617235
0.000278897545850235
0.000458785165635062
0.000741162619561834
0.00117586405507971
0.00183206208963437
0.00280325579027703
0.00421235276407725
0.00621621757218476
0.00900880415300586
0.0128217572728677
0.017921213875213
0.0245995272499696
0.033160843234448
0.0438999308818579
0.0570744288038437
0.0728716792552516
0.0913724873840488
0.112515300430445
0.136065238434628
0.161592893046817
0.188467639855258
0.215869255677945
0.242819892512816
0.268236082278256
0.29099772828692
0.310028390906943
0.324379052025226
0.333306359953963
0.336336396998156
0.333306359953963
0.324379052025226
0.310028390906943
0.29099772828692
0.268236082278256
0.242819892512816
0.215869255677945
0.188467639855258
0.161592893046817
0.136065238434628
0.112515300430445
0.0913724873840486
0.0728716792552517
0.0570744288038438
0.0438999308818579
0.0331608432344481
0.0245995272499695
0.0179212138752129
0.0128217572728678
0.0090088041530059
0.00621621757218473
0.00421235276407725
0.00280325579027705
0.00183206208963437
0.00117586405507971
0.000741162619561837
0.000458785165635062
0.000278897545850234
0.000166502011617235
9.76188626447912e-05
5.62066198255989e-05
3.17819587488087e-05
1.76487242396987e-05
9.62466099351941e-06
5.15462447961866e-06
2.71111592969856e-06
1.40035650151788e-06
7.10343812264797e-07
3.53865365118731e-07
1.73119895074379e-07
8.31754901899111e-08
3.92448997709679e-08
1.8184884452414e-08
8.27517780193865e-09
3.69814204458348e-09
1.62304032088601e-09
6.99543130578736e-10
2.96100506172886e-10
1.23084472786269e-10
5.02466203752523e-11
2.014419462905e-11
7.93108177861608e-12
3.06658080911045e-12
1.1644366479955e-12
4.34226959568971e-13
1.59021984323575e-13
5.71922285393826e-14
2.02002310519837e-14
7.00672577772251e-15
2.38678539177407e-15
7.98456182010906e-16
2.62318107706306e-16
8.46340103457018e-17
2.68164346399574e-17
8.34442889447922e-18
2.54995001222722e-18
7.65255010555354e-19
2.25538227621668e-19
6.52790177533035e-20
1.85552378269464e-20
5.17963200523674e-21
1.41994248209927e-21
3.82280430158113e-22
1.01072462244058e-22
2.62435807943962e-23
6.69195180263676e-24
1.67579921748569e-24
4.12126583268102e-25
9.95356691122317e-26
2.36083871430869e-26
5.49912210186122e-27
1.25793984539359e-27
2.82595896262714e-28
6.23463875120516e-29
1.35081602646972e-29
2.87422379849182e-30
6.0059874977336e-31
