1.13673430005668e-22
3.37469651577619e-22
9.89760927867292e-22
2.86777920828542e-21
8.20882395472576e-21
2.3213252535233e-20
6.48501334541298e-20
1.78980441953017e-19
4.88000314693492e-19
1.3144814203485e-18
3.49790995690217e-18
9.19565403091349e-18
2.38823162528421e-17
6.12759552871903e-17
1.55318633190283e-16
3.88934844824095e-16
9.62165921679837e-16
2.35148878676642e-15
5.67748084082242e-15
1.35421701590427e-14
3.19110195126656e-14
7.42870164752114e-14
1.70846063832121e-13
3.88165436923121e-13
8.71261595363187e-13
1.93196877851796e-12
4.23225142970729e-12
9.15930752858051e-12
1.95827484585692e-11
4.13622803433181e-11
8.6308809491677e-11
1.77920341071852e-10
3.62339685168705e-10
7.28997479524656e-10
1.44895859313482e-09
2.84515379250834e-09
5.51918997024899e-09
1.05770549974399e-08
2.00250683141732e-08
3.74544198123968e-08
6.9207309450312e-08
1.26334126296354e-07
2.27829113704577e-07
4.05898628702265e-07
7.14407115414468e-07
1.24220645788646e-06
2.13383884992565e-06
3.6211730288576e-06
6.07095145373547e-06
1.00550461222766e-05
1.64524734238145e-05
2.65948872086812e-05
4.24702611560849e-05
6.70025812767613e-05
0.000104428240540242
0.000160791916406503
0.000244585262966769
0.000367549794510952
0.000545659733554413
0.00080029011546682
0.0011595589252689
0.0016598086256251
0.00234716183675935
0.00327904877851041
0.0045255622502521
0.00617045277646808
0.00831153707935704
0.0110602637710364
0.0145401687203269
0.0188839669439594
0.0242290753755434
0.0307114466655023
0.0384577198761507
0.0475758562186079
0.0581446175379278
0.0702024465116888
0.0837364992170011
0.098672737544787
0.114868084290677
0.132105653271095
0.150093972379987
0.168470911059578
0.186812710207057
0.204648111635547
0.221477129477529
0.236793542346777
0.250109764209646
0.260982425506893
0.269036808983654
0.273988268198587
0.275658923209986
0.273988268198587
0.269036808983654
0.260982425506893
0.250109764209646
0.236793542346777
0.221477129477529
0.204648111635547
0.186812710207057
0.168470911059578
0.150093972379987
0.132105653271095
0.114868084290677
0.098672737544787
0.0837364992170011
0.0702024465116888
0.0581446175379278
0.0475758562186078
0.0384577198761507
0.0307114466655023
0.0242290753755433
0.0188839669439594
0.0145401687203269
0.0110602637710364
0.00831153707935704
0.00617045277646808
0.0045255622502521
0.00327904877851039
0.00234716183675935
0.0016598086256251
0.0011595589252689
0.00080029011546682
0.000545659733554409
0.000367549794510953
0.000244585262966769
0.000160791916406503
0.000104428240540242
6.70025812767612e-05
4.24702611560849e-05
2.65948872086812e-05
1.64524734238143e-05
1.00550461222766e-05
6.07095145373547e-06
3.62117302885758e-06
2.13383884992565e-06
1.24220645788645e-06
7.14407115414468e-07
4.05898628702265e-07
2.27829113704575e-07
1.26334126296354e-07
6.9207309450312e-08
3.74544198123968e-08
2.00250683141732e-08
1.05770549974398e-08
5.51918997024899e-09
2.84515379250834e-09
1.44895859313479e-09
7.28997479524656e-10
3.62339685168702e-10
1.77920341071852e-10
8.6308809491677e-11
