5.4459980724953e-14
1.75750217185047e-13
5.53904761065189e-13
1.70488530142577e-12
5.12479002041067e-12
1.50445023105897e-11
4.3132081361305e-11
1.20765767795797e-10
3.30223608309552e-10
8.81846978014916e-10
2.29984826568003e-09
5.85768451719719e-09
1.45704717152055e-08
3.53950139010409e-08
8.39714017409324e-08
1.9455462496957e-07
4.40222824981784e-07
9.72801864090905e-07
2.09940908632995e-06
4.42476888557841e-06
9.10762103102524e-06
1.83079682951842e-05
3.59414995453247e-05
6.89085441301374e-05
0.000129024087654812
0.00023593336389887
0.000421336189797995
0.000734833603179731
0.00125161307960692
0.00208195826156361
0.00338216495372495
0.00536584832055703
0.00831386254159271
0.0125802168746176
0.018590636409888
0.0268300342358006
0.0378154294835702
0.0520520320140818
0.0699724660215347
0.0918623417557561
0.117779223099247
0.147475779025289
0.180340617878143
0.215371011787692
0.251189674988401
0.286112716206787
0.318268294837834
0.345756565049295
0.366832945792384
0.380090550235803
0.384615384615385
0.380090550235803
0.366832945792384
0.345756565049295
0.318268294837834
0.286112716206787
0.251189674988401
0.215371011787692
0.180340617878143
0.147475779025289
0.117779223099247
0.0918623417557562
0.0699724660215346
0.0520520320140817
0.0378154294835702
0.0268300342358006
0.0185906364098881
0.0125802168746176
0.00831386254159268
0.00536584832055703
0.00338216495372494
0.00208195826156359
0.00125161307960692
0.000734833603179728
0.000421336189797996
0.000235933363898869
0.000129024087654813
6.89085441301374e-05
3.59414995453246e-05
1.83079682951843e-05
9.10762103102524e-06
4.42476888557839e-06
2.09940908632995e-06
9.72801864090916e-07
4.40222824981782e-07
1.9455462496957e-07
8.39714017409329e-08
3.53950139010409e-08
1.45704717152055e-08
5.85768451719723e-09
2.29984826568003e-09
8.8184697801491e-10
3.30223608309554e-10
1.20765767795797e-10
4.31320813613047e-11
1.50445023105898e-11
5.12479002041071e-12
1.70488530142576e-12
5.53904761065189e-13
1.75750217185049e-13
5.44599807249536e-14
1.64808625304725e-14
4.87083290349783e-15
1.40587712968481e-15
3.96289295694786e-16
1.09093319791037e-16
2.9329510497327e-17
7.70073737185716e-18
1.97460690142907e-18
4.94481251187879e-19
1.2093161396581e-19
2.88835592531265e-20
6.73724607688178e-21
1.53474049277291e-21
3.41435232728899e-22
7.41826864601523e-23
1.57404672622498e-23
3.26177143184352e-24
6.60100815879372e-25
1.30463148451566e-25
2.51817716445882e-26
4.74685043632402e-27
8.73867636695857e-28
1.57111004004922e-28
2.75859784644452e-29
4.73032545890325e-30
7.92162888509118e-31
1.29556379638918e-31
2.06930236923893e-32
3.22782474917398e-33
4.9171876261023e-34
7.31550739397648e-35
1.06290137238053e-35
1.50821175953684e-36
2.09002999149341e-37
2.82854800871775e-38
3.73848318182596e-39
4.8255647650525e-40
6.08305449290585e-41
7.48886679464939e-42
9.00391414719345e-43
1.05722500304239e-43
1.21233975386898e-44
1.35769465377039e-45
1.48491197651024e-46
1.58606197363652e-47
1.6544758658369e-48
1.68547207141771e-49
1.67688594793224e-50
1.62931978384449e-51
1.5460729330729e-52
