9.2511371162338e-24
2.73260656210419e-23
7.97960711193112e-23
2.30360664884925e-22
6.57442160025785e-22
1.85493711520424e-21
5.17396211185539e-21
1.42672315606131e-20
3.88936398796341e-20
1.04818968168113e-19
2.79269549563906e-19
7.35579642932579e-19
1.91539448071972e-18
4.93070675517482e-18
1.25482317223218e-17
3.15702701649933e-17
7.85229269562391e-17
1.93079903757259e-16
4.69353521333113e-16
1.12793870638949e-15
2.67974415707084e-15
6.29395419486711e-15
1.46142400288904e-14
3.35468160259759e-14
7.61287660895026e-14
1.70792457387144e-13
3.78800895164229e-13
8.30569002423109e-13
1.8003745030285e-12
3.85809041886638e-12
8.17343027705793e-12
1.71182252088769e-11
3.54434119082466e-11
7.25495496692046e-11
1.46810234683761e-10
2.93697572937896e-10
5.80853746804787e-10
1.13567913126486e-09
2.19516368059521e-09
4.19469689488745e-09
7.92422271851609e-09
1.47990955746463e-08
2.73234848920234e-08
4.98723022014795e-08
8.99922596015818e-08
1.60536322248278e-07
2.83115648854223e-07
4.93601935050374e-07
8.50770151896634e-07
1.44967299560976e-06
2.44202590093692e-06
4.06680075623288e-06
6.69542174118849e-06
1.08974627597838e-05
1.7534575716971e-05
2.78925064864358e-05
4.38633943727012e-05
6.81929287911259e-05
0.000104809068852324
0.000159250496450496
0.000239213199570976
0.000355231850211499
0.000521508112398842
0.000756889799005886
0.00108599205596191
0.00154043386475265
0.00216013990326212
0.00299462960888188
0.00410418342272262
0.0055607429802841
0.00744837091384681
0.00986307150197217
0.0129117610546189
0.0167101824612685
0.0213795872490938
0.0270420650918834
0.0338144870634339
0.0418011439323853
0.0510852993497264
0.0617200303797237
0.0737188806964404
0.0870469876909086
0.10161344458242
0.117265703555526
0.133786800010137
0.150896070911283
0.168253849722046
0.185470354018685
0.202118657448171
0.217751282475945
0.231919598791949
0.244194902189154
0.254189817035235
0.261578543042921
0.266114474452271
0.267643863786095
0.266114474452271
0.261578543042921
0.254189817035235
0.244194902189154
0.231919598791949
0.217751282475945
0.202118657448171
0.185470354018685
0.168253849722046
0.150896070911283
0.133786800010137
0.117265703555526
0.10161344458242
0.0870469876909086
0.0737188806964402
0.0617200303797237
0.0510852993497264
0.0418011439323853
0.0338144870634339
0.0270420650918834
0.0213795872490938
0.0167101824612684
0.0129117610546189
0.00986307150197212
0.00744837091384678
0.0055607429802841
0.0041041834227226
0.00299462960888188
0.00216013990326212
0.00154043386475265
0.00108599205596191
0.000756889799005881
0.000521508112398842
0.000355231850211499
0.000239213199570974
0.000159250496450496
0.000104809068852324
6.81929287911254e-05
4.38633943727012e-05
2.78925064864355e-05
1.7534575716971e-05
1.08974627597838e-05
6.69542174118843e-06
4.06680075623288e-06
2.4420259009369e-06
1.44967299560976e-06
8.50770151896634e-07
4.9360193505037e-07
2.83115648854223e-07
1.60536322248277e-07
8.9992259601581e-08
4.98723022014795e-08
2.73234848920232e-08
1.47990955746463e-08
7.92422271851609e-09
