6.11690366388267e-26
1.79144233074903e-25
5.19287980465065e-25
1.48986856072524e-24
4.23079408027719e-24
1.18913200262492e-23
3.3080532626729e-23
9.10854832209478e-23
2.48233326301521e-22
6.69584287540628e-22
1.78765895206538e-21
4.72387426092612e-21
1.23550992129239e-20
3.19836770967208e-20
8.194921432712e-20
2.07823877362388e-19
5.21651354172842e-19
1.29598352908603e-18
3.18678578970155e-18
7.75604836860869e-18
1.86836788041706e-17
4.45470063032265e-17
1.05125700132497e-16
2.45546374389881e-16
5.67665365356526e-16
1.2989293091498e-15
2.94179822803889e-15
6.59438797177057e-15
1.46308768324832e-14
3.21292406074737e-14
6.98336616590828e-14
1.50232334174246e-13
3.19886758023986e-13
6.74160583735815e-13
1.40625700367647e-12
2.90335597303964e-12
5.93294226637569e-12
1.19998054390606e-11
2.40221864765822e-11
4.7597606058942e-11
9.33451877453348e-11
1.81189490511673e-10
3.48103444788978e-10
6.61938871529745e-10
1.24583835288694e-09
2.32081089488269e-09
4.27909629412803e-09
7.80905734044296e-09
1.41052052739387e-08
2.52170602971059e-08
4.4621457302964e-08
7.81496954473876e-08
1.3547060703501e-07
2.32432637738987e-07
3.94714782671594e-07
6.63443463438083e-07
1.10371944635032e-06
1.81738825155429e-06
2.961904046363e-06
4.77780588237272e-06
7.6281682516325e-06
1.20544187282949e-05
1.88541314203171e-05
2.91877779480526e-05
4.47228822025788e-05
6.78254653050141e-05
0.00010180990364587
0.000151259102083928
0.000222426873081568
0.000323733201380269
0.000466360194185464
0.000664951475294858
0.000938410114960055
0.00131077953957042
0.00181217808485627
0.00247974110673124
0.0033585054369772
0.00450215058574587
0.00597349115861383
0.00784459777560637
0.0101964121697895
0.0131177192521786
0.0167033479459249
0.021051496347636
0.0262601172680311
0.0324223581018249
0.0396211231332193
0.0479229134885819
0.0573711943682833
0.0679796330849497
0.0797256352018431
0.0925446691185417
0.10632590131286
0.1209096560416
0.136087158318472
0.151602915132
0.167159939800332
0.182427836141139
0.197053546025565
0.210674343465153
0.22293245099492
0.23349048079626
0.242046783091687
0.248349733111915
0.252210014531557
0.253510063281697
0.252210014531557
0.248349733111915
0.242046783091687
0.23349048079626
0.22293245099492
0.210674343465153
0.197053546025565
0.182427836141138
0.167159939800332
0.151602915132
0.136087158318472
0.1209096560416
0.10632590131286
0.0925446691185415
0.0797256352018429
0.0679796330849497
0.0573711943682831
0.0479229134885819
0.0396211231332193
0.0324223581018249
0.026260117268031
0.021051496347636
0.0167033479459249
0.0131177192521786
0.0101964121697895
0.00784459777560637
0.0059734911586138
0.00450215058574585
0.0033585054369772
0.00247974110673122
0.00181217808485627
0.00131077953957041
0.000938410114960051
0.000664951475294855
0.000466360194185461
0.000323733201380269
0.000222426873081567
0.000151259102083928
0.00010180990364587
6.78254653050136e-05
4.47228822025784e-05
2.91877779480524e-05
1.8854131420317e-05
1.20544187282949e-05
7.62816825163244e-06
