2.82470505576966e-20
8.50078353703419e-20
2.52260612905779e-19
7.38149915748533e-19
2.12982706368354e-18
6.05966683443584e-18
1.70003472126714e-17
4.70296205547712e-17
1.28289111394712e-16
3.45074413097718e-16
9.15251307346581e-16
2.39371585638262e-15
6.1731875869482e-15
1.56982409484774e-14
3.93638117285865e-14
9.73302726849042e-14
2.37303078945088e-13
5.70510241375379e-13
1.35247160420278e-12
3.16153144119466e-12
7.28738129570365e-12
1.65634240579575e-11
3.71221727087032e-11
8.20391764180698e-11
1.787779016947e-10
3.84159005418171e-10
8.13978323852336e-10
1.70066706071706e-09
3.50372812546317e-09
7.11780584521388e-09
1.42582594913058e-08
2.81638180599571e-08
5.48556271614488e-08
1.05355079254369e-07
1.995236635251e-07
3.7259582272955e-07
6.86098060437918e-07
1.24577336259553e-06
2.23047072846553e-06
3.93784533654563e-06
6.8552835062017e-06
1.17678418818787e-05
1.99192447325376e-05
3.32470831405912e-05
5.47190904998492e-05
8.88032437910703e-05
0.000142109603727157
0.000224244947041646
0.000348920544865602
0.000535346610161449
0.000809931352681538
0.00120827559532432
0.00177741333992668
0.00257819348008139
0.00368762894430324
0.00520096059390466
0.00723310134704958
0.00991905220827694
0.0134128306385614
0.0178844399348307
0.0235144533426044
0.0304859033264848
0.0389733635091647
0.0491293872068637
0.0610688082687966
0.0748517884816567
0.0904668684318533
0.10781559191997
0.126700469669824
0.146818072065556
0.167758852870549
0.189014889856191
0.209996098538986
0.230054680583507
0.248516689635045
0.264718738854203
0.27804715081164
0.287976369333235
0.294103297427192
0.296174438879546
0.294103297427192
0.287976369333235
0.27804715081164
0.264718738854203
0.248516689635044
0.230054680583507
0.209996098538986
0.189014889856191
0.167758852870549
0.146818072065556
0.126700469669823
0.10781559191997
0.0904668684318533
0.0748517884816565
0.0610688082687964
0.0491293872068635
0.0389733635091647
0.0304859033264847
0.0235144533426043
0.0178844399348307
0.0134128306385613
0.0099190522082769
0.00723310134704958
0.00520096059390464
0.00368762894430321
0.00257819348008138
0.00177741333992666
0.00120827559532431
0.000809931352681535
0.00053534661016145
0.000348920544865599
0.000224244947041645
0.000142109603727157
8.88032437910697e-05
5.47190904998489e-05
3.32470831405911e-05
1.99192447325374e-05
1.17678418818786e-05
6.8552835062017e-06
3.93784533654559e-06
2.23047072846551e-06
1.24577336259552e-06
6.8609806043791e-07
3.7259582272955e-07
1.99523663525099e-07
1.05355079254369e-07
5.48556271614486e-08
2.81638180599569e-08
1.42582594913058e-08
7.11780584521378e-09
3.50372812546312e-09
1.70066706071705e-09
8.1397832385233e-10
3.84159005418165e-10
1.787779016947e-10
8.20391764180684e-11
3.71221727087032e-11
1.65634240579573e-11
7.2873812957036e-12
3.16153144119466e-12
1.35247160420276e-12
5.70510241375379e-13
2.37303078945086e-13
9.73302726849032e-14
3.93638117285861e-14
1.56982409484773e-14
6.17318758694809e-15
2.3937158563826e-15
9.15251307346568e-16
3.45074413097718e-16
1.2828911139471e-16
