1.02421353729784e-15
3.21620998928264e-15
9.90046527798822e-15
2.98761160164487e-14
8.83791851824317e-14
2.56290892214885e-13
7.28574012703926e-13
2.03035277634817e-12
5.54659753932852e-12
1.4853853264066e-11
3.89950002816334e-11
1.00354314801892e-10
2.53174811879794e-10
6.2612676023523e-10
1.51796360538099e-09
3.6075949991224e-09
8.40487999863936e-09
1.91956393518386e-08
4.2976492725239e-08
9.43227995452518e-08
2.02936290802094e-07
4.28016072774139e-07
8.84948018647408e-07
1.79362962453485e-06
3.56373251249015e-06
6.94120312779039e-06
1.3253229916392e-05
2.48065309098783e-05
4.55163742922176e-05
8.18703429541798e-05
0.000144358673585795
0.000249526387989819
0.000422812093592716
0.000702320985435763
0.00114361860919782
0.00182550953503737
0.00285656638638663
0.00438189393375062
0.00658926121269016
0.0097133471679732
0.0140364868141287
0.0198840687710608
0.0276127343496191
0.037589876316374
0.0501637162333879
0.0656244734713381
0.0841587517062073
0.105801070538486
0.130388161817691
0.157522859612863
0.186554760317065
0.216584018491132
0.24649255302213
0.275003690748797
0.300767264277048
0.322463031475264
0.338911747748084
0.349181026616497
0.352672807929299
0.349181026616497
0.338911747748084
0.322463031475264
0.300767264277048
0.275003690748796
0.24649255302213
0.216584018491132
0.186554760317065
0.157522859612863
0.130388161817691
0.105801070538486
0.0841587517062073
0.0656244734713379
0.050163716233388
0.0375898763163739
0.0276127343496191
0.0198840687710607
0.0140364868141287
0.00971334716797322
0.00658926121269015
0.00438189393375064
0.00285656638638663
0.00182550953503737
0.00114361860919782
0.000702320985435769
0.000422812093592714
0.000249526387989819
0.000144358673585796
8.18703429541799e-05
4.55163742922176e-05
2.48065309098784e-05
1.3253229916392e-05
6.94120312779037e-06
3.56373251249018e-06
1.79362962453485e-06
8.84948018647405e-07
4.28016072774139e-07
2.02936290802097e-07
9.43227995452511e-08
4.2976492725239e-08
1.91956393518388e-08
8.40487999863942e-09
3.6075949991224e-09
1.517963605381e-09
6.26126760235234e-10
2.53174811879794e-10
1.00354314801893e-10
3.89950002816334e-11
1.48538532640659e-11
5.54659753932858e-12
2.03035277634819e-12
7.28574012703918e-13
2.56290892214888e-13
8.83791851824327e-14
2.98761160164489e-14
9.90046527798822e-15
3.21620998928268e-15
1.02421353729785e-15
3.19737776651718e-16
9.78486218968857e-17
2.9354372422955e-17
8.63273103563791e-18
2.4887481146937e-18
7.03349206342555e-19
1.9485806393083e-19
5.29203963692803e-20
1.40891605245241e-20
3.67709177981622e-21
9.40764988552844e-22
2.35947373092823e-22
5.8010481524689e-23
1.39815434942167e-23
3.30339942939149e-24
7.65110892003861e-25
1.7371807308167e-25
3.86654390537152e-26
8.43642038483541e-27
1.80447472149106e-27
3.78356079196259e-28
7.77692577447376e-29
1.56701269636461e-29
3.0952405071657e-30
5.99340476981324e-31
1.13765385215586e-31
2.11691781622518e-32
3.86149234337102e-33
6.90499998287549e-34
1.21040165649519e-34
2.07994887729219e-35
3.50375020083571e-36
5.78590014828139e-37
9.36625671415318e-38
