2.79026586140154e-08
1.26152804326729e-07
5.31705835787631e-07
2.08914767086354e-06
7.65226577595712e-06
2.6129683299933e-05
8.31766530551478e-05
0.000246826582370114
0.000682819025192922
0.00176093161567763
0.00423352923009591
0.00948824365644749
0.0198240456505142
0.0386119685449285
0.0701091646578134
0.118672703358061
0.187262179204373
0.275468855507465
0.377761879507938
0.482933075405305
0.575544575435106
0.639431716033616
0.662266178532522
0.639431716033615
0.575544575435106
0.482933075405304
0.377761879507938
0.275468855507465
0.187262179204373
0.11867270335806
0.0701091646578132
0.0386119685449284
0.0198240456505142
0.00948824365644749
0.0042335292300959
0.00176093161567763
0.00068281902519292
0.000246826582370114
8.31766530551474e-05
2.6129683299933e-05
7.65226577595712e-06
2.08914767086352e-06
5.31705835787627e-07
1.26152804326729e-07
2.79026586140154e-08
5.75330577323043e-09
1.10589150293247e-09
1.98166747038949e-10
3.3103371951181e-11
5.15509747452463e-12
7.48384395426218e-13
1.01282814124868e-13
1.27782090859051e-14
1.50289076148502e-15
1.64781341334216e-16
1.68427051895113e-17
1.60486628829449e-18
1.42557166978663e-19
1.18049037935137e-20
9.11295115056515e-22
6.5581119610383e-23
4.39968724511571e-24
2.75161696505655e-25
1.60426956934258e-26
8.71946637259344e-28
4.41799950469831e-29
2.08681818605836e-30
9.1889683794205e-32
3.77200357382602e-33
1.44344628889691e-34
5.14934933072234e-36
1.71248697315541e-37
5.30915484491866e-39
1.53442866039657e-40
4.13419736414912e-42
1.0383861909514e-43
2.43136296136815e-45
5.30718080300787e-47
1.07994382180152e-48
2.04862109085285e-50
3.62280792448613e-52
5.97244518933172e-54
9.1787223051415e-56
1.31502946261024e-57
1.75635349641964e-59
2.18681261432551e-61
2.53825006175184e-63
2.7465052574694e-65
2.7704458002266e-67
2.60520603779591e-69
2.28379799875474e-71
1.86636462535426e-73
1.4218654286943e-75
1.00981935316352e-77
6.68577995356961e-80
4.12651722250814e-82
2.374315565066e-84
1.27355120583559e-86
6.36821294806772e-89
2.96853338675348e-91
1.28999935250168e-93
5.22588972470314e-96
1.97357749502627e-98
6.94818417131994e-101
2.28040325943439e-103
6.97710371607064e-106
1.9900404266961e-108
5.29141486827939e-111
1.3116106122393e-113
3.03082753897443e-116
6.52891059894772e-119
1.3111229311686e-121
2.45453539285203e-124
4.28369339396789e-127
6.96932396104533e-130
1.0570270979339e-132
1.49453050406202e-135
1.969911159492e-138
2.42053681039225e-141
2.77268119496197e-144
2.96081571064109e-147
2.94744704005837e-150
2.73529290211712e-153
2.36638204195586e-156
1.90848643523112e-159
1.43488299379863e-162
1.00569685844106e-165
6.57114261483183e-169
4.00256032820129e-172
2.27278353431232e-175
1.20309925126634e-178
5.93701345140748e-182
2.73122704061256e-185
1.17130708008422e-188
4.68281421024589e-192
1.74528469799032e-195
6.06385529038124e-199
1.96405918423167e-202
5.93039343942013e-206
1.66930478039619e-209
4.38037167229486e-213
1.07154269674303e-216
2.44360606178867e-220
5.1948869529271e-224
1.02954231907655e-227
1.90210943064812e-231
3.27604598324832e-235
5.26002336632026e-239
7.87315047745875e-243
1.09858236950345e-246
1.42902521581959e-250
