1.33544029738006e-10
4.78483491811663e-10
1.65030755834587e-09
5.47921405218416e-09
1.7511651010753e-08
5.38755067953617e-08
1.59555247405646e-07
4.54868919569649e-07
1.24829400000338e-06
3.297637788746e-06
8.38579936854482e-06
2.05277538965355e-05
4.83719778625092e-05
0.00010972401903494
0.000239587974785131
0.000503597742345587
0.00101896198250022
0.00198466693985625
0.00372111196948636
0.00671604023841598
0.0116683457396147
0.0195146486679294
0.031417211305076
0.048688901633228
0.0726353059574757
0.104308814919173
0.144194833758253
0.191881824091
0.245795215178723
0.303087802314274
0.359765025563237
0.411078603215031
0.452153869046248
0.478743707731957
0.487950036474267
0.478743707731957
0.452153869046248
0.41107860321503
0.359765025563237
0.303087802314274
0.245795215178723
0.191881824090999
0.144194833758252
0.104308814919173
0.0726353059574757
0.0486889016332278
0.031417211305076
0.0195146486679294
0.0116683457396147
0.00671604023841598
0.00372111196948634
0.00198466693985624
0.00101896198250022
0.000503597742345587
0.000239587974785131
0.00010972401903494
4.83719778625092e-05
2.05277538965355e-05
8.38579936854472e-06
3.297637788746e-06
1.24829400000338e-06
4.54868919569649e-07
1.59555247405645e-07
5.38755067953613e-08
1.7511651010753e-08
5.47921405218409e-09
1.65030755834587e-09
4.78483491811663e-10
1.33544029738005e-10
3.58787615428018e-11
9.27910007639709e-12
2.31009437134055e-12
5.53616510370079e-13
1.27715554526161e-13
2.83618138051135e-14
6.06288957030466e-15
1.24761550341586e-15
2.47136741363069e-16
4.71247780082908e-17
8.6500131382858e-18
1.52840927725668e-18
2.59966873696786e-19
4.25649184957647e-20
6.70874136173916e-21
1.01785459219508e-21
1.48657176536078e-22
2.08997681258139e-23
2.82847603888654e-24
3.68484299915878e-25
4.6210526994081e-26
5.57851111132394e-27
6.48262846525835e-28
7.25169299380097e-29
7.80877906882223e-30
8.09435616235913e-31
8.07675543629559e-32
7.75795048932724e-33
7.17319311416719e-34
6.38459701459818e-35
5.47028440645946e-36
4.51171617033599e-37
3.58202888081045e-38
2.73761167254047e-39
2.01404909609098e-40
1.42634213100058e-41
9.72372832104872e-43
6.38112673653287e-44
4.03104245951436e-45
2.45127944407988e-46
1.43490689449035e-47
8.08555935571238e-49
4.38583072002053e-50
2.29007185393356e-51
1.15107017528917e-52
5.56941963809059e-54
2.59402125715211e-55
1.16303441983732e-56
5.01957622074734e-58
2.0854365795522e-59
8.34031337783363e-61
3.21087352662205e-62
1.1899246961224e-63
4.24493656931989e-65
1.45773432584871e-66
4.81882332702717e-68
1.53341277092689e-69
4.69713017371106e-71
1.3850376038563e-72
3.93138866819344e-74
1.07420172802149e-75
2.82540793244684e-77
7.1537197403898e-79
1.74356495776466e-80
4.09072034145807e-82
9.23882832227692e-84
2.00858147097196e-85
4.20356198028934e-87
8.46839109821176e-89
1.64225202814947e-90
3.06573177462293e-92
5.50914181041282e-94
9.52991871828334e-96
1.58690120408086e-97
2.5437008267232e-99
3.92498156168525e-101
5.82994770318394e-103
8.33579729916843e-105
1.14732136275699e-106
1.52012206545649e-108
1.93877447964565e-110
2.38029932820041e-112
