3.09989491626487e-22
9.22309709851779e-22
2.71015930964018e-21
7.8650428112485e-21
2.25421633285237e-20
6.38084689485621e-20
1.78381284451446e-19
4.9250254634718e-19
1.3429378193592e-18
3.6165257313535e-18
9.61867930323701e-18
2.52654804733864e-17
6.55432404223555e-17
1.67925436882036e-16
4.24906422554748e-16
1.06183817534205e-15
2.62066558403668e-15
6.38782642093734e-15
1.53773974032474e-14
3.65595465610023e-14
8.58434165090284e-14
1.9906798384697e-13
4.55915201177835e-13
1.03122862157387e-12
2.30363715497988e-12
5.08231315884371e-12
1.10738082570886e-11
2.38298225299299e-11
5.06445652450704e-11
1.06299963985621e-10
2.2035434487709e-10
4.51126511103955e-10
9.12143803416288e-10
1.8214468592903e-09
3.59217866445322e-09
6.99660866630584e-09
1.3458773024517e-08
2.55688729472317e-08
4.79740001338346e-08
8.88972874946456e-08
1.626894226758e-07
2.94048086187725e-07
5.24886770851815e-07
9.25339556175013e-07
1.61110876016806e-06
2.77036391173996e-06
4.70475501791529e-06
7.89087997938107e-06
1.30707976756227e-05
2.13829183386324e-05
3.45477758606562e-05
5.51266294909716e-05
8.68742398304156e-05
0.000135210003997974
0.00020783317133633
0.000315507098161031
0.000473033212882524
0.00070042617276424
0.00102428621493723
0.00147934177236358
0.00211010440511086
0.0029725392536141
0.00413560911028317
0.00568250202423152
0.00771130615029243
0.0103348582146349
0.0136794718755904
0.0178822585422612
0.0230867946026811
0.0294369723161696
0.0370690000095924
0.0461016885305115
0.0566253663493091
0.068689989198288
0.0822932287617334
0.0973695105517368
0.113781093299806
0.131312312255973
0.149668024340395
0.16847708267095
0.187301334764528
0.205650202569264
0.223000399832791
0.238819823242362
0.252594176731449
0.263854512835171
0.272203653289801
0.27733942034073
0.279072786092974
0.27733942034073
0.272203653289801
0.263854512835171
0.252594176731449
0.238819823242362
0.223000399832791
0.205650202569264
0.187301334764528
0.16847708267095
0.149668024340395
0.131312312255973
0.113781093299806
0.0973695105517365
0.0822932287617334
0.0686899891982877
0.0566253663493089
0.0461016885305113
0.0370690000095922
0.0294369723161695
0.023086794602681
0.0178822585422612
0.0136794718755903
0.0103348582146348
0.00771130615029243
0.00568250202423149
0.00413560911028315
0.0029725392536141
0.00211010440511085
0.00147934177236357
0.00102428621493723
0.000700426172764238
0.00047303321288252
0.00031550709816103
0.000207833171336328
0.000135210003997973
8.68742398304152e-05
5.51266294909715e-05
3.45477758606561e-05
2.13829183386323e-05
1.30707976756226e-05
7.89087997938104e-06
4.70475501791524e-06
2.77036391173994e-06
1.61110876016805e-06
9.25339556175001e-07
5.24886770851813e-07
2.94048086187721e-07
1.62689422675799e-07
8.88972874946449e-08
4.7974000133834e-08
2.55688729472315e-08
1.3458773024517e-08
6.99660866630579e-09
3.59217866445318e-09
1.82144685929028e-09
9.12143803416282e-10
4.51126511103947e-10
2.20354344877086e-10
1.06299963985621e-10
5.064456524507e-11
2.38298225299299e-11
1.10738082570885e-11
