2.0529646772091e-24
6.04733296375313e-24
1.76170894069845e-23
5.07565749464192e-23
1.44623321253838e-22
4.07541862798996e-22
1.13577941798972e-21
3.13042739343085e-21
8.53298827737576e-21
2.30031089020136e-20
6.13281402015905e-20
1.61704060987928e-19
4.21667308263158e-19
1.0874437691722e-18
2.77352164521359e-18
6.99590949931177e-18
1.74519788756277e-17
4.30559372356699e-17
1.0505320070776e-16
2.53497337962486e-16
6.04958231028239e-16
1.42779300483836e-15
3.33267514449844e-15
7.69322772120507e-15
1.75635404786352e-14
3.96554987945079e-14
8.85487919472713e-14
1.95546360387195e-13
4.27075547473383e-13
9.22460010791219e-13
1.97050827550125e-12
4.16290836005932e-12
8.69767771115836e-12
1.79720510750913e-11
3.67265260110188e-11
7.42249525670007e-11
1.48356944499116e-10
2.93260590301832e-10
5.73307207189785e-10
1.10843178565527e-09
2.1194267615828e-09
4.00788940650334e-09
7.49550532860738e-09
1.38635348389613e-08
2.53591628017412e-08
4.58758071333756e-08
8.20767965218995e-08
1.45226191890646e-07
2.54130841333605e-07
4.39802477805729e-07
7.52741468804502e-07
1.27415389227279e-06
2.13297517627345e-06
3.53132419312713e-06
5.78198886841523e-06
9.3627792816346e-06
1.49940927315118e-05
2.37478048929755e-05
3.71975747125328e-05
5.76227061172173e-05
8.82796389217138e-05
0.000133756630262815
0.00020042780148825
0.000297021904950147
0.00043531824367892
0.00063097642089233
0.000904497279711988
0.00128229890847487
0.00179787359014356
0.00249296916007311
0.00341871212166496
0.00463656156180058
0.00621895482259561
0.00824948137004396
0.0108224045226354
0.0140413463772029
0.0180169641894993
0.0228634808710773
0.0286939910640912
0.0356145482201612
0.0437171451127696
0.053071824693077
0.0637182909716901
0.0756575181599025
0.0888439656436987
0.103179080442335
0.11850679239622
0.134611668203862
0.151220281514599
0.16800617751434
0.184598569920772
0.200594622523213
0.215574860314324
0.229120956200603
0.240834879886045
0.250358206013898
0.25739028391712
0.261703987424707
0.263157894736842
0.261703987424707
0.25739028391712
0.250358206013898
0.240834879886045
0.229120956200603
0.215574860314324
0.200594622523213
0.184598569920772
0.16800617751434
0.151220281514599
0.134611668203862
0.11850679239622
0.103179080442335
0.0888439656436987
0.0756575181599027
0.0637182909716901
0.053071824693077
0.0437171451127696
0.0356145482201612
0.0286939910640912
0.0228634808710773
0.0180169641894993
0.0140413463772029
0.0108224045226354
0.00824948137004396
0.00621895482259561
0.00463656156180058
0.00341871212166496
0.00249296916007311
0.00179787359014356
0.00128229890847487
0.000904497279711988
0.00063097642089233
0.00043531824367892
0.000297021904950146
0.00020042780148825
0.000133756630262815
8.82796389217138e-05
5.76227061172173e-05
3.71975747125324e-05
2.37478048929755e-05
1.49940927315118e-05
9.3627792816346e-06
5.78198886841523e-06
3.53132419312713e-06
2.13297517627345e-06
1.27415389227279e-06
7.52741468804498e-07
4.39802477805729e-07
2.54130841333605e-07
1.45226191890646e-07
8.20767965218995e-08
