3.70278021423582e-26
1.08360148574033e-25
3.13899735079597e-25
9.00102579801913e-25
2.55489327784695e-24
7.17849200087192e-24
1.99651867956317e-23
5.49658862576318e-23
1.49793439070812e-22
4.04084366614202e-22
1.07902375371252e-21
2.85213226787763e-21
7.46256314094846e-21
1.9327962543329e-20
4.95523016508518e-20
1.25753849482424e-19
3.15906414656248e-19
7.85552655168402e-19
1.93362323967051e-18
4.71137977471119e-18
1.13632894496664e-17
2.7129371040871e-17
6.41143260212974e-17
1.49985797662604e-16
3.47316081787233e-16
7.96121492759864e-16
1.80639825192863e-15
4.05720881032722e-15
9.02029862347066e-15
1.98515385230537e-14
4.32461177259366e-14
9.32566437781701e-14
1.99063729667039e-13
4.20614453251884e-13
8.79743257529888e-13
1.82140868066772e-12
3.73283296709723e-12
7.57267663002404e-12
1.52068746719288e-11
3.02280562318956e-11
5.9478523102477e-11
1.15848344158352e-10
2.23356803259107e-10
4.26273406621578e-10
8.05298692761919e-10
1.50593230022595e-09
2.78762019857886e-09
5.10788906887492e-09
9.26464986735392e-09
1.66339834485332e-08
2.95626402858395e-08
5.20079664507058e-08
9.05683022423606e-08
1.56121343688693e-07
2.6639620526979e-07
4.49959564505171e-07
7.52313129590549e-07
1.24509788326715e-06
2.03980216409597e-06
3.30789946282049e-06
5.3100211978797e-06
8.43761894271248e-06
1.3271599308132e-05
2.06636156009839e-05
3.18470395464639e-05
4.85860418697319e-05
7.33725601485505e-05
0.000109682041596215
0.000162299461333255
0.000237726902151207
0.000344682539185545
0.000494697751157347
0.000702813813112267
0.000988371789020181
0.00137587852825298
0.00189591798065956
0.00258606059942091
0.00349170503859023
0.0046667668217945
0.0061741098690332
0.00808560098128727
0.0104816573227483
0.0134501556108109
0.0170845821167197
0.0214813272932393
0.0267360696331542
0.0329392506585353
0.0401707154294092
0.0484936772589167
0.0579482558593077
0.0685449273015849
0.0802583027359618
0.0930217107416899
0.106723085611051
0.121202652414119
0.136252843637113
0.151620779698173
0.167013499590938
0.182105946244978
0.196551506744171
0.209994697124676
0.22208538440794
0.232493774679022
0.240925283575324
0.247134358774795
0.250936351415607
0.252216636152659
0.250936351415607
0.247134358774795
0.240925283575324
0.232493774679022
0.22208538440794
0.209994697124676
0.196551506744171
0.182105946244978
0.167013499590938
0.151620779698173
0.136252843637113
0.121202652414119
0.106723085611051
0.0930217107416899
0.0802583027359618
0.0685449273015849
0.0579482558593079
0.0484936772589167
0.0401707154294093
0.0329392506585354
0.0267360696331542
0.0214813272932393
0.0170845821167198
0.0134501556108109
0.0104816573227483
0.00808560098128727
0.0061741098690332
0.0046667668217945
0.00349170503859023
0.00258606059942092
0.00189591798065956
0.00137587852825298
0.000988371789020181
0.000702813813112267
0.000494697751157347
0.000344682539185545
0.000237726902151207
0.000162299461333255
0.000109682041596215
7.33725601485505e-05
4.85860418697319e-05
3.18470395464639e-05
2.06636156009839e-05
1.3271599308132e-05
