6.88323035828242e-23
2.04130654210516e-22
5.9814627180876e-22
1.73176844650487e-21
4.953994202794e-21
1.40024624004896e-20
3.91053867844575e-20
1.07907593155242e-19
2.94205424149542e-19
7.92560811003033e-19
2.10958856573393e-18
5.54812427906468e-18
1.44170979209347e-17
3.70162794419265e-17
9.39054788034894e-17
2.35381511426084e-16
5.82957658948627e-16
1.42654319763356e-15
3.44918184433005e-15
8.24006248661289e-15
1.94503834802496e-14
4.53637638343633e-14
1.04537772744163e-13
2.38023948029663e-13
5.35489938855877e-13
1.19032409788953e-12
2.61434191472572e-12
5.67339204296244e-12
1.21648414825565e-11
2.57723109412865e-11
5.39490150611015e-11
1.11582715815875e-10
2.28030838517897e-10
4.60440472007125e-10
9.18621585486303e-10
1.81085239259049e-09
3.52705884837383e-09
6.78774642884691e-09
1.29068945975622e-08
2.42494094412803e-08
4.50156804162407e-08
8.25676113625572e-08
1.49636958521583e-07
2.67948464814775e-07
4.74074857823297e-07
8.28754354414375e-07
1.43148885966653e-06
2.44305571448384e-06
4.11966611612913e-06
6.86394693206706e-06
1.12997559632448e-05
1.83800826894351e-05
2.95399058611856e-05
4.69087653635825e-05
7.36007343440648e-05
0.000114102074899565
0.000174778571677704
0.000264524607888267
0.00039557352935875
0.000584482637303055
0.000853295108978498
0.00123086422057912
0.0017543017164465
0.00247048191208713
0.00343749692362777
0.00472591827683008
0.00641967948931074
0.00861635797735747
0.0114266091242593
0.0149724978194446
0.0193844906978876
0.0247969222841368
0.0313418347389849
0.039141214866219
0.0482978096462003
0.0588848833839652
0.0709354703226498
0.0844318558397044
0.0992961631578633
0.115383006003422
0.132475168418286
0.150283174716514
0.168449408756187
0.186557137982513
0.204144413382288
0.220722383855259
0.235797125184623
0.248893688214072
0.259580766310455
0.267494210310292
0.272357608636655
0.273998312175596
0.272357608636654
0.267494210310292
0.259580766310454
0.248893688214072
0.235797125184623
0.220722383855258
0.204144413382288
0.186557137982513
0.168449408756187
0.150283174716513
0.132475168418285
0.115383006003422
0.0992961631578627
0.0844318558397041
0.0709354703226496
0.0588848833839648
0.0482978096462002
0.0391412148662188
0.0313418347389847
0.0247969222841366
0.0193844906978875
0.0149724978194446
0.0114266091242592
0.00861635797735743
0.00641967948931071
0.00472591827683003
0.00343749692362775
0.0024704819120871
0.00175430171644647
0.00123086422057911
0.000853295108978487
0.000584482637303051
0.000395573529358746
0.000264524607888266
0.000174778571677703
0.000114102074899563
7.36007343440642e-05
4.69087653635821e-05
2.95399058611852e-05
1.8380082689435e-05
1.12997559632446e-05
6.86394693206694e-06
4.11966611612909e-06
2.4430557144838e-06
1.43148885966651e-06
8.28754354414358e-07
4.74074857823288e-07
2.67948464814772e-07
1.49636958521581e-07
8.25676113625564e-08
4.50156804162402e-08
2.42494094412798e-08
1.29068945975621e-08
6.78774642884679e-09
3.52705884837374e-09
1.81085239259047e-09
9.18621585486283e-10
4.60440472007117e-10
2.28030838517893e-10
