8.16378956049882e-09
3.37843718131145e-08
1.31936027340316e-07
4.86221844461691e-07
1.69094327218168e-06
5.54941390538699e-06
1.71865500169424e-05
5.02289156721669e-05
0.000138529544961152
0.000360540885290252
0.00088550321476229
0.0020523398219325
0.00448881709798534
0.0092648428289654
0.0180454497629972
0.0331681213548527
0.0575304200445104
0.0941667809314985
0.145452574357449
0.212015986160818
0.291634777655099
0.378558956078916
0.463715108752688
0.536034170586016
0.584732473204132
0.601929265428846
0.584732473204131
0.536034170586016
0.463715108752688
0.378558956078915
0.291634777655099
0.212015986160817
0.145452574357449
0.0941667809314984
0.0575304200445102
0.0331681213548527
0.0180454497629971
0.00926484282896536
0.00448881709798532
0.00205233982193249
0.00088550321476229
0.000360540885290249
0.000138529544961151
5.02289156721667e-05
1.71865500169423e-05
5.54941390538694e-06
1.69094327218166e-06
4.86221844461689e-07
1.31936027340316e-07
3.37843718131145e-08
8.16378956049876e-09
1.86162097201985e-09
4.00603032643051e-10
8.13505907039815e-11
1.55894465459824e-11
2.81918899827712e-12
4.81106467265158e-13
7.74785895837693e-14
1.177458816291e-14
1.68862515185273e-15
2.28530563206452e-16
2.91862860381639e-17
3.51752252519948e-18
4.00053844477431e-19
4.29361913402774e-20
4.34862637255031e-21
4.15627410392185e-22
3.74869213964763e-23
3.19064788028017e-24
2.5627219516741e-25
1.9424399792467e-26
1.38936781959658e-27
9.37800308582214e-29
5.97347451727948e-30
3.59060116674972e-31
2.03671765624774e-32
1.09022967070352e-33
5.50717242931352e-35
2.62520280694722e-36
1.18092020638186e-37
5.01304676314642e-39
2.00819770421981e-40
7.59162390998279e-42
2.70823540859577e-43
9.11720347207588e-45
2.8964123513548e-46
8.68325675144937e-48
2.4565658084153e-49
6.55839653188135e-51
1.65230587888001e-52
3.92831886983331e-54
8.81346179978875e-56
1.86599221764937e-57
3.72817798908816e-59
7.02921709105397e-61
1.25066438550782e-62
2.09989760237956e-64
3.32720040950668e-66
4.97488804971996e-68
7.01958071158309e-70
9.34679117761014e-72
1.17445779922487e-73
1.39263017434043e-75
1.55832376464729e-77
1.64551973398454e-79
1.63972872380761e-81
1.54192916218075e-83
1.36829691665973e-85
1.14582892876183e-87
9.05488054568337e-90
6.75257126511623e-92
4.75202958277689e-94
3.15582275377346e-96
1.97774173834338e-98
1.16963421244177e-100
6.52760784353832e-103
3.43780751281103e-105
1.70856916932509e-107
8.01322030260617e-110
3.54654200791365e-112
1.48124412982465e-114
5.83810208064684e-117
2.17140200735544e-119
7.62135679706709e-122
2.52434006875418e-124
7.89018046019732e-127
2.32728472995744e-129
6.47792047199887e-132
1.70155194685136e-134
4.21772559196892e-137
9.86585975764076e-140
2.1777853044082e-142
4.53647682251985e-145
8.91755585283187e-148
1.65423226840318e-150
2.89581388742057e-153
4.78374821489628e-156
7.45743519633004e-159
1.09706957602853e-161
1.52300862528022e-164
1.99523503774357e-167
2.46665988416862e-170
2.8777163697743e-173
3.168182654989e-176
3.29151580648497e-179
3.22704622438159e-182
2.9856434054458e-185
2.6067188580108e-188
2.14770169555635e-191
1.66984912943237e-194
1.22519161886213e-197
