4.97126178800584e-27
1.45062317686852e-26
4.19174843981502e-26
1.1994673531929e-25
3.39886780654264e-25
9.53746015770605e-25
2.65023155691206e-24
7.29268619640579e-24
1.98721040708677e-23
5.36232090741981e-23
1.43289500824191e-22
3.79165277919971e-22
9.93562911309741e-22
2.57818931379709e-21
6.62501487637943e-21
1.68582128480759e-20
4.24804226557496e-20
1.06003144024461e-19
2.61939675496273e-19
6.40968142966432e-19
1.5531887136199e-18
3.72704493033692e-18
8.85640873820811e-18
2.08402678487602e-17
4.85625588322177e-17
1.12060472505924e-16
2.56068382165245e-16
5.79444823062091e-16
1.29843686610252e-15
2.88125840521925e-15
6.33134825876228e-15
1.37772588164363e-14
2.9688075960447e-14
6.33510633945133e-14
1.33868496918685e-13
2.80127332824785e-13
5.80477253968786e-13
1.19115299778598e-12
2.42048564190259e-12
4.87068557419336e-12
9.7057768010532e-12
1.91523965921086e-11
3.74255829464554e-11
7.24213543756546e-11
1.3877694805837e-10
2.63342311647261e-10
4.94853419770632e-10
9.20842021204908e-10
1.69686114091322e-09
3.09642168418309e-09
5.59534046138124e-09
1.00125697772463e-08
1.77425981044242e-08
3.11344713535936e-08
5.41026325875416e-08
9.3099622755495e-08
1.58646343028513e-07
2.67710146166671e-07
4.4735491990852e-07
7.4027353922087e-07
1.21306718642437e-06
1.96847591580928e-06
3.16320965239648e-06
5.0335973235103e-06
7.93197951691147e-06
1.23776249530526e-05
1.91269479350743e-05
2.92689170153169e-05
4.43527193240391e-05
6.65558864601008e-05
9.89020545257029e-05
0.000145538125125351
0.00021208055904779
0.000306039556822562
0.00043732760368433
0.000618854905328513
0.00086720826076998
0.00120340163121894
0.00165367593618696
0.00225031253210365
0.0030324098040222
0.00404655610830179
0.00534731615677641
0.00699743348871643
0.00906764099471197
0.0116359668832403
0.0147864274604121
0.0186070129016268
0.0231868996084564
0.0286128636818427
0.0349649242026093
0.0423113105754555
0.0507029216492738
0.0601675204560561
0.0707039804980831
0.0822769597963926
0.0948124192635995
0.108194414753236
0.122263571214998
0.136817589047228
0.151614036562209
0.166375551886699
0.180797420043799
0.194557317553825
0.207326841728643
0.218784280680448
0.228627948797255
0.236589325298223
0.24244520139053
0.246028070671867
0.247234088217074
0.246028070671867
0.24244520139053
0.236589325298223
0.228627948797255
0.218784280680448
0.207326841728643
0.194557317553825
0.180797420043799
0.166375551886698
0.151614036562209
0.136817589047228
0.122263571214998
0.108194414753235
0.0948124192635995
0.0822769597963926
0.0707039804980829
0.0601675204560559
0.0507029216492738
0.0423113105754553
0.0349649242026092
0.0286128636818427
0.0231868996084564
0.0186070129016267
0.0147864274604121
0.0116359668832403
0.00906764099471193
0.00699743348871643
0.00534731615677639
0.00404655610830177
0.00303240980402219
0.00225031253210365
0.00165367593618695
0.00120340163121894
0.00086720826076998
0.00061885490532851
0.000437327603684327
0.000306039556822561
0.000212080559047789
0.00014553812512535
9.89020545257024e-05
