5.11877858870608e-22
1.52472400072236e-21
4.48472762681448e-21
1.302569337831e-20
3.73581681919587e-20
1.05801113571203e-19
2.95879480757456e-19
8.17070254898968e-19
2.22804468422838e-18
5.99940714526873e-18
1.59519110371775e-17
4.18829289733934e-17
1.08587870204299e-16
2.78000468887433e-16
7.02796653959173e-16
1.75442087153037e-15
4.3247183488954e-15
1.05269319612107e-14
2.5302634754777e-14
6.00550621036663e-14
1.40751631565461e-13
3.25744580258903e-13
7.44424920010829e-13
1.67990433450808e-12
3.74341642734407e-12
8.23704951164814e-12
1.78976147077629e-11
3.84006500363668e-11
8.13583141791666e-11
1.70210069649469e-10
3.5163208942228e-10
7.17317946569173e-10
1.44495670743731e-09
2.87420617117229e-09
5.64548090956371e-09
1.09497426524232e-08
2.09713710697963e-08
3.96615498197246e-08
7.40683176071663e-08
1.36588841981697e-07
2.48724123647931e-07
4.4723989733879e-07
7.94114474945155e-07
1.39234105468313e-06
2.41061630133214e-06
4.12126454236633e-06
6.95749398596284e-06
1.15983211534227e-05
1.90922610519524e-05
3.10341275860395e-05
4.98128811739759e-05
7.89521073092999e-05
0.000123567919313477
0.000190971115552727
0.000291440282752779
0.000439188963007794
0.00065354154284214
0.000960317678642327
0.00139340252207298
0.00199644892461075
0.00282461824034067
0.00394621967893964
0.0054440574566779
0.00741624529258108
0.00997620614542779
0.0132515502319377
0.0173815260272079
0.0225127766348907
0.0287932153371662
0.0363639633583101
0.0453494684710031
0.0558461366052413
0.0679100438515688
0.0815445294403746
0.096688671797912
0.113207787131779
0.130887132049698
0.149429913663237
0.168460499000596
0.18753337236483
0.206147934457534
0.223768708471086
0.239849968796697
0.253863299764252
0.265326188776694
0.273829516837543
0.279061770292086
0.280827978150865
0.279061770292086
0.273829516837543
0.265326188776694
0.253863299764252
0.239849968796697
0.223768708471086
0.206147934457534
0.18753337236483
0.168460499000596
0.149429913663237
0.130887132049698
0.113207787131779
0.096688671797912
0.0815445294403743
0.0679100438515688
0.0558461366052411
0.0453494684710029
0.0363639633583101
0.0287932153371661
0.0225127766348906
0.0173815260272079
0.0132515502319377
0.00997620614542774
0.00741624529258105
0.0054440574566779
0.00394621967893964
0.00282461824034067
0.00199644892461075
0.00139340252207297
0.000960317678642323
0.000653541542842138
0.000439188963007792
0.000291440282752776
0.000190971115552727
0.000123567919313477
7.89521073092999e-05
4.98128811739756e-05
3.10341275860395e-05
1.90922610519524e-05
1.15983211534226e-05
6.95749398596284e-06
4.12126454236629e-06
2.41061630133212e-06
1.39234105468313e-06
7.94114474945146e-07
4.47239897338785e-07
2.48724123647931e-07
1.36588841981695e-07
7.40683176071663e-08
3.96615498197243e-08
2.09713710697962e-08
1.09497426524232e-08
5.64548090956363e-09
2.87420617117229e-09
1.4449567074373e-09
7.17317946569165e-10
3.5163208942228e-10
1.70210069649466e-10
8.1358314179166e-11
3.84006500363668e-11
1.78976147077626e-11
8.23704951164814e-12
3.74341642734407e-12
