3.92628796637528e-13
1.29001240211798e-12
4.12906308449515e-12
1.28752315022259e-11
3.91114998772055e-11
1.15744347550404e-10
3.33688321428674e-10
9.37191021532353e-10
2.56425450542933e-09
6.83502379887628e-09
1.7748629791489e-08
4.48988819370758e-08
1.10650178265717e-07
2.65652926985092e-07
6.21330951813329e-07
1.41571967555779e-06
3.14251560527564e-06
6.79553281555765e-06
1.43157953360113e-05
2.93801050116687e-05
5.87404274373886e-05
0.000114410730105904
0.000217091244123693
0.000401295004925876
0.000722655140362428
0.00126778127916844
0.00216672337460454
0.00360751793180196
0.0058513951095274
0.00924605018165662
0.0142330824075061
0.0213445782252993
0.0311833010087086
0.0443815527244011
0.0615359335495974
0.0831191303635291
0.10937525632702
0.140211318341269
0.175102746331728
0.213033909997218
0.252493623624911
0.291539891387738
0.327937782838248
0.35936089852561
0.383633108414676
0.398976427140091
0.404226041727222
0.39897642714009
0.383633108414676
0.35936089852561
0.327937782838248
0.291539891387737
0.252493623624911
0.213033909997218
0.175102746331728
0.140211318341269
0.10937525632702
0.0831191303635291
0.0615359335495972
0.0443815527244011
0.0311833010087085
0.0213445782252993
0.0142330824075061
0.00924605018165656
0.0058513951095274
0.00360751793180195
0.00216672337460454
0.00126778127916844
0.000722655140362424
0.000401295004925876
0.000217091244123693
0.000114410730105903
5.87404274373886e-05
2.93801050116685e-05
1.43157953360113e-05
6.79553281555762e-06
3.14251560527566e-06
1.41571967555779e-06
6.21330951813323e-07
2.65652926985093e-07
1.10650178265717e-07
4.48988819370755e-08
1.7748629791489e-08
6.8350237988764e-09
2.56425450542929e-09
9.37191021532353e-10
3.33688321428676e-10
1.15744347550404e-10
3.91114998772055e-11
1.2875231502226e-11
4.12906308449515e-12
1.29001240211798e-12
3.92628796637528e-13
1.16416974439626e-13
3.36276379814628e-14
9.46285781088002e-15
2.59414448635521e-15
6.92806421165129e-16
1.80250111882558e-16
4.56862043096662e-17
1.1280815807416e-17
2.71357503196793e-18
6.359003396037e-19
1.4517177106236e-19
3.22865164421779e-20
6.99529605312604e-21
1.47651174265006e-21
3.03608276933899e-22
6.08185700336271e-23
1.18687422478106e-23
2.2564155705237e-24
4.17906737934839e-25
7.54024669002692e-26
1.32537151324482e-26
2.26952831268451e-27
3.78599010014158e-28
6.15274957250484e-29
9.74103042283784e-30
1.50240304947615e-30
2.25742800787026e-31
3.30435924852638e-32
4.71201323831767e-33
6.54593430205683e-34
8.85895872817145e-35
1.16799130709608e-35
1.50017677793121e-36
1.87711621985287e-37
2.2881568011916e-38
2.71722935561728e-39
3.14349453333054e-40
3.54278679208853e-41
3.88976371073336e-42
4.1605171788731e-43
4.33528162225747e-44
4.4008159483353e-45
4.35206118859103e-46
4.19278579807026e-47
3.93510435959397e-48
3.59795501484973e-49
3.2048012373703e-50
2.78094478470023e-51
2.35087495062658e-52
1.93603224681469e-53
1.55325063864539e-54
1.21399358237882e-55
9.24351471348767e-57
6.85652049800882e-58
4.95468805216904e-59
3.48798613639216e-60
2.39209861509074e-61
1.5981932977671e-62
