3.43676730029183e-10
1.25975249665001e-09
4.43109720384063e-09
1.49564414694519e-08
4.84435792589906e-08
1.50568845545437e-07
4.49081295436598e-07
1.28530371306792e-06
3.5300227700125e-06
9.30336801083988e-06
2.35284784842965e-05
5.71003060185674e-05
0.000132976218070665
0.000297166923252196
0.000637261831775378
0.00131137317784189
0.00258955795318932
0.00490699846570314
0.00892271782212205
0.0155693092342809
0.0260694866677406
0.0418877047581772
0.0645849900782899
0.0955581162369707
0.135673338445813
0.184846994073483
0.241669154575183
0.303194278933929
0.36501585644284
0.421690103282164
0.46748322950112
0.497312770700079
0.50767308256681
0.497312770700079
0.46748322950112
0.421690103282164
0.365015856442839
0.303194278933929
0.241669154575182
0.184846994073483
0.135673338445813
0.0955581162369704
0.0645849900782898
0.0418877047581771
0.0260694866677406
0.0155693092342809
0.00892271782212202
0.00490699846570313
0.00258955795318932
0.00131137317784189
0.000637261831775375
0.000297166923252194
0.000132976218070665
5.71003060185674e-05
2.35284784842963e-05
9.3033680108398e-06
3.53002277001246e-06
1.28530371306792e-06
4.49081295436593e-07
1.50568845545437e-07
4.84435792589903e-08
1.4956441469452e-08
4.43109720384063e-09
1.25975249665e-09
3.43676730029183e-10
8.99717103692814e-11
2.26023072713345e-11
5.44867020787744e-12
1.26043141419003e-12
2.79794301133711e-13
5.96004391185118e-14
1.21829090963091e-14
2.38970062464714e-15
4.49807756020899e-16
8.12458770934137e-17
1.40820756314158e-17
2.34219453156306e-18
3.73826601095841e-19
5.72543370946039e-20
8.41467851811171e-21
1.18674555970345e-21
1.60608546452256e-22
2.0857902692717e-23
2.59934288269274e-24
3.10847554776058e-25
3.56715752738816e-26
3.92815006552024e-27
4.15092419233341e-28
4.20913138930371e-29
4.09572804944398e-30
3.82437694467647e-31
3.42674051673546e-32
2.94640672406332e-33
2.43105689848796e-34
1.92481280568467e-35
1.46242237907158e-36
1.06622312733674e-37
7.45957907301169e-39
5.00808273011759e-40
3.22641045495137e-41
1.99461319308535e-42
1.18328322436799e-43
6.7361178535677e-45
3.67977780400548e-46
1.92896551332723e-47
9.70327366779215e-49
4.68385073408963e-50
2.16959545212342e-51
9.64373851992121e-53
4.11341985672656e-54
1.68364918013633e-55
6.61288720974256e-57
2.49242200437809e-58
9.01452790317561e-60
3.12863822528569e-61
1.04197825585423e-62
3.33006656181979e-64
1.0212642318866e-65
3.00548301735488e-67
8.48753120675821e-69
2.30006145002877e-70
5.98120163382567e-72
1.49254830869728e-73
3.57403909892132e-75
8.21260908233065e-77
1.81089784545823e-78
3.8317547302978e-80
7.78022938656481e-82
1.51592616921262e-83
2.83435763484341e-85
5.08536576430211e-87
8.7554947337301e-89
1.44653896475516e-90
2.29335101073791e-92
3.48900727419658e-94
5.09359215409401e-96
7.13571358790632e-98
9.59271631889638e-100
1.23747587806426e-101
1.53187324778988e-103
1.81970031734719e-105
2.07428228809844e-107
2.26895977384871e-109
2.38164311068422e-111
2.39892968614869e-113
2.31872531624949e-115
2.15066138741633e-117
1.91419298937048e-119
1.63489683809093e-121
1.33994180114405e-123
1.05383463211513e-125
