8.21274282781487e-27
2.39817203898038e-26
6.9339885209453e-26
1.98516483430876e-25
5.62756733619096e-25
1.57963045702757e-24
4.39036845438004e-24
1.20825085571081e-23
3.29248591186149e-23
8.88385396893092e-23
2.37350181748603e-22
6.27896985327916e-22
1.64474244059443e-21
4.26597270022789e-21
1.09559216187234e-20
2.78605979424607e-20
7.01524141903906e-20
1.7490631147372e-19
4.31796395858711e-19
1.05551210081474e-18
2.55480696784919e-18
6.1229912541327e-18
1.45304765542357e-17
3.41433986451492e-17
7.94409284491231e-17
1.83017469188017e-16
4.17495166239286e-16
9.43020273336677e-16
2.10911994708072e-15
4.67080999069851e-15
1.02422127729124e-14
2.22385290942582e-14
4.78111285910566e-14
1.01780036896008e-13
2.14539312367034e-13
4.47777055756858e-13
9.25395664143378e-13
1.8936676322523e-12
3.83699049595744e-12
7.69818533735692e-12
1.52931403342935e-11
3.00826199164433e-11
5.85929428553661e-11
1.13001871858914e-10
2.15792643745329e-10
4.08035834817455e-10
7.63960048155788e-10
1.41629480106446e-09
2.59984433960353e-09
4.7255428254938e-09
8.5048514460724e-09
1.51562734721561e-08
2.67441503622781e-08
4.67278554239232e-08
8.08413515229991e-08
1.38484750632248e-07
2.34898916148243e-07
3.94521562297705e-07
6.5610167635862e-07
1.08039414593664e-06
1.76158648224171e-06
2.84404450077545e-06
4.54652389352355e-06
7.19669736006296e-06
1.1279703235848e-05
1.75054298454186e-05
2.69003887806129e-05
4.09312498260329e-05
6.16683213617756e-05
9.19983248695751e-05
0.000135896535216169
0.000198768481782995
0.000287870610384129
0.000412817223480681
0.000586177251496008
0.000824158578917954
0.00114736944158749
0.0015816356520887
0.00215883914750511
0.00291772794804453
0.00390463081851765
0.00517399294177646
0.0067886334211648
0.00881961354169769
0.0113455988791564
0.0144516011322284
0.0182269994095879
0.0227627675979581
0.0281478754729855
0.03446488625018
0.0417848405916512
0.0501615931840623
0.0596258475651019
0.0701792109597267
0.0817886553838598
0.0943818156052238
0.107843570583751
0.122014336088513
0.136690438160617
0.151626839238315
0.166542354401831
0.181127331909924
0.195053591541053
0.207986230935604
0.219596740743855
0.229576730699988
0.237651475896282
0.24359245719076
0.247228098515553
0.248451997499977
0.247228098515553
0.24359245719076
0.237651475896282
0.229576730699988
0.219596740743855
0.207986230935604
0.195053591541053
0.181127331909923
0.166542354401831
0.151626839238314
0.136690438160617
0.122014336088512
0.107843570583751
0.0943818156052236
0.0817886553838594
0.0701792109597266
0.0596258475651018
0.050161593184062
0.041784840591651
0.0344648862501799
0.0281478754729854
0.0227627675979581
0.0182269994095878
0.0144516011322283
0.0113455988791563
0.00881961354169765
0.00678863342116477
0.00517399294177641
0.00390463081851761
0.00291772794804451
0.00215883914750509
0.00158163565208869
0.00114736944158748
0.000824158578917945
0.000586177251496004
0.000412817223480675
0.000287870610384126
0.000198768481782992
0.000135896535216167
9.19983248695744e-05
6.16683213617747e-05
