3.39100948267467e-24
9.9977508486419e-24
2.91480543306833e-23
8.4033177674461e-23
2.39566428295567e-22
6.75359611390189e-22
1.88268718813003e-21
5.18985476889834e-21
1.41470600808299e-20
3.81338932393038e-20
1.01645943209843e-19
2.67918627306156e-19
6.98312351902745e-19
1.79982588691387e-18
4.58717405613684e-18
1.15609600409648e-17
2.8812207660403e-17
7.10056860284486e-17
1.73038871716887e-16
4.16992435769053e-16
9.93680196441968e-16
2.3415263407273e-15
5.45613887822952e-15
1.2572039590048e-14
2.86457382455812e-14
6.45428671311028e-14
1.4380382694634e-13
3.16830212869156e-13
6.90266330184049e-13
1.48710195999676e-12
3.16809909585217e-12
6.67406949409316e-12
1.39032600743221e-11
2.86402315237112e-11
5.83405282936226e-11
1.17516309930518e-10
2.34077618213211e-10
4.61058028608765e-10
8.98018417222853e-10
1.72961265248149e-09
3.29417311896115e-09
6.20408786288619e-09
1.15542940489635e-08
2.12785900389288e-08
3.8750403963888e-08
6.97820263693463e-08
1.24263869818183e-07
2.18816530318177e-07
3.81021371349283e-07
6.56073505202603e-07
1.11709374186456e-06
1.88087828912091e-06
3.13159595501161e-06
5.15590265090309e-06
8.39416785842873e-06
1.35140196385875e-05
2.15142096919567e-05
3.38688307771532e-05
5.27240746728958e-05
8.11618026005972e-05
0.00012354590561579
0.000185968327662242
0.000276811143562814
0.000407438541669622
0.000593027186338357
0.000853534447445522
0.00121479070066433
0.00170968389004605
0.00237938180153468
0.00327451064903628
0.004456179065534
0.00599670681624572
0.00797989090489381
0.0105006225325883
0.0136636615374365
0.0175813856123144
0.022370364404234
0.0281466668825795
0.035019895293273
0.0430860487626087
0.0524194487323478
0.0630640975790674
0.0750249780566399
0.0882599188889862
0.102672733905536
0.118108372198768
0.134350781516966
0.151124078435851
0.168097436075447
0.184893851209546
0.201102654502577
0.216295305324014
0.230043697065096
0.241939923704954
0.251616255805558
0.258763970900671
0.263149696806711
0.264628062012482
0.263149696806711
0.258763970900671
0.251616255805558
0.241939923704954
0.230043697065096
0.216295305324013
0.201102654502577
0.184893851209546
0.168097436075447
0.151124078435851
0.134350781516966
0.118108372198768
0.102672733905535
0.0882599188889862
0.0750249780566399
0.0630640975790672
0.0524194487323477
0.0430860487626087
0.0350198952932729
0.0281466668825794
0.022370364404234
0.0175813856123143
0.0136636615374364
0.0105006225325883
0.00797989090489378
0.00599670681624569
0.00445617906553398
0.00327451064903628
0.00237938180153467
0.00170968389004604
0.00121479070066433
0.000853534447445517
0.000593027186338354
0.00040743854166962
0.000276811143562813
0.00018596832766224
0.00012354590561579
8.11618026005965e-05
5.27240746728954e-05
3.3868830777153e-05
2.15142096919565e-05
1.35140196385874e-05
8.39416785842866e-06
5.15590265090309e-06
3.13159595501159e-06
1.8808782891209e-06
1.11709374186455e-06
6.56073505202597e-07
3.81021371349279e-07
2.18816530318176e-07
1.24263869818182e-07
6.97820263693456e-08
3.87504039638877e-08
