5.48667502039983e-10
2.03717754426812e-09
7.24551384561093e-09
2.46848315829562e-08
8.0558582120618e-08
2.51833862475273e-07
7.54114179129863e-07
2.16312070451547e-06
5.9435383497355e-06
1.56433604298924e-05
3.94398906072133e-05
9.52493496524155e-05
0.000220347944655011
0.000488288680004283
0.00103648966459702
0.00210753095910674
0.00410490979162881
0.00765868027766917
0.0136875251181234
0.0234323899531008
0.0384263302112417
0.0603617611211245
0.0908271237732143
0.130915144160571
0.180752737107223
0.239056493016164
0.302856481910526
0.367530909770203
0.427239633223735
0.475740215486911
0.507444866966585
0.518475847365213
0.507444866966585
0.475740215486911
0.427239633223735
0.367530909770203
0.302856481910526
0.239056493016164
0.180752737107223
0.13091514416057
0.0908271237732143
0.0603617611211243
0.0384263302112416
0.0234323899531007
0.0136875251181234
0.00765868027766915
0.0041049097916288
0.00210753095910674
0.00103648966459702
0.000488288680004283
0.00022034794465501
9.52493496524154e-05
3.94398906072133e-05
1.56433604298924e-05
5.94353834973546e-06
2.16312070451547e-06
7.5411417912986e-07
2.51833862475273e-07
8.05585821206169e-08
2.46848315829562e-08
7.2455138456108e-09
2.03717754426813e-09
5.48667502039983e-10
1.41550126529339e-10
3.49809785262228e-11
8.28083847214929e-12
1.8777481385811e-12
4.07869315860648e-13
8.48643709066486e-14
1.6914159644353e-14
3.22920876042652e-15
5.90557903474953e-16
1.03454531328221e-16
1.73602996283797e-17
2.79052284951377e-18
4.29669589402822e-19
6.33730075242954e-20
8.95353811827999e-21
1.21172961720721e-21
1.57085980342741e-22
1.9506969179964e-23
2.32039989068536e-24
2.64397011702373e-25
2.88583114202791e-26
3.01721290507996e-27
3.02177180677476e-28
2.89893208269045e-29
2.66400529589595e-30
2.34505371246299e-31
1.97738471412568e-32
1.59716659441721e-33
1.23574804225277e-34
9.1586257239969e-36
6.50206578814615e-37
4.42173870076743e-38
2.88041761040568e-39
1.79737421758515e-40
1.0743411863191e-41
6.15129578270151e-43
3.37374040908904e-44
1.77246383600155e-45
8.91997773538843e-47
4.30002346230255e-48
1.98563101403466e-49
8.78308199833394e-51
3.72148261510915e-52
1.51044779381311e-53
5.87240650783225e-55
2.18699188130988e-56
7.80187338243484e-58
2.66606842992343e-59
8.72698750436357e-61
2.73639055953288e-62
8.21887698448186e-64
2.36465368084812e-65
6.51693330039328e-67
1.72044057009724e-68
4.3506759967574e-70
1.0538880394515e-71
2.44541671948367e-73
5.43540545705934e-75
1.15726197225173e-76
2.36021782620288e-78
4.61097913901872e-80
8.62888927202835e-82
1.54681117917897e-83
2.65607525447251e-85
4.36881964822795e-87
6.88348745346553e-89
1.03889965261799e-90
1.5019633810565e-92
2.08001159129899e-94
2.75926132286367e-96
3.50623143485548e-98
4.26784847765249e-100
4.97620281683117e-102
5.55786278784403e-104
5.94618252418987e-106
6.09381575197526e-108
5.98220194122478e-110
5.62540101499806e-112
5.06718280669356e-114
4.37220307261173e-116
3.6137220462755e-118
2.86107888870136e-120
2.16982939227285e-122
1.57631137766606e-124
1.09693046972822e-126
7.3120113609848e-129
4.66890763424983e-131
2.85571178983963e-133
