1.26972515886793e-19
3.83829237213575e-19
1.14341291096905e-18
3.35664058674029e-18
9.71053822476997e-18
2.76833391728654e-17
7.77732694099967e-17
2.15317311944849e-16
5.87440998727107e-16
1.57937867070092e-15
4.18451370498639e-15
1.09254776119972e-14
2.81107594724055e-14
7.1275691230476e-14
1.78093064615513e-13
4.38519881105276e-13
1.06406529566616e-12
2.54439176408607e-12
5.99565167754158e-12
1.392276581217e-11
3.18604094650987e-11
7.18478701872608e-11
1.59666261016452e-10
3.49662551914041e-10
7.54608688300226e-10
1.60483796779841e-09
3.36339048045871e-09
6.94640501724862e-09
1.41377280570317e-08
2.83554051156522e-08
5.60439581602298e-08
1.09158725104124e-07
2.09519679107458e-07
3.96303489755529e-07
7.3869929393346e-07
1.3568885635764e-06
2.45616416675966e-06
4.3813435763852e-06
7.70183023945944e-06
1.33418877837724e-05
2.27759938123234e-05
3.83154649179716e-05
6.35195735918332e-05
0.000103771419911926
0.00016706468470317
0.000265050276998346
0.000414389345272326
0.0006384481151471
0.000969347174766595
0.00145033991509724
0.00213843946581973
0.00310714008119098
0.0044489898661667
0.00627767330104254
0.00872916526146271
0.0119614390483707
0.0161521693127785
0.0214938887197491
0.0281861555710289
0.0364244836620328
0.0463860801921626
0.0582128223330293
0.071992349608016
0.0877386102085697
0.105373611436059
0.124712415087933
0.145453516482698
0.167176593599459
0.18934918023206
0.211343111758517
0.232460665504162
0.251969263711458
0.269142553153343
0.283304765444457
0.293874634907411
0.300404916569208
0.302613766334401
0.300404916569208
0.293874634907411
0.283304765444457
0.269142553153343
0.251969263711458
0.232460665504162
0.211343111758517
0.189349180232059
0.167176593599458
0.145453516482698
0.124712415087933
0.105373611436059
0.0877386102085694
0.0719923496080157
0.0582128223330291
0.0463860801921624
0.0364244836620327
0.0281861555710286
0.021493888719749
0.0161521693127784
0.0119614390483706
0.00872916526146265
0.00627767330104253
0.00444898986616668
0.00310714008119096
0.00213843946581972
0.00145033991509724
0.000969347174766587
0.000638448115147096
0.000414389345272323
0.000265050276998342
0.000167064684703169
0.000103771419911926
6.35195735918323e-05
3.83154649179712e-05
2.27759938123234e-05
1.33418877837723e-05
7.70183023945934e-06
4.38134357638518e-06
2.45616416675964e-06
1.35688856357639e-06
7.38699293933453e-07
3.96303489755526e-07
2.09519679107455e-07
1.09158725104123e-07
5.60439581602293e-08
2.83554051156518e-08
1.41377280570316e-08
6.94640501724862e-09
3.36339048045867e-09
1.60483796779839e-09
7.5460868830022e-10
3.49662551914035e-10
1.59666261016451e-10
7.184787018726e-11
3.18604094650981e-11
1.39227658121697e-11
5.99565167754147e-12
2.54439176408602e-12
1.06406529566614e-12
4.38519881105271e-13
1.7809306461551e-13
7.12756912304747e-14
2.81107594724049e-14
1.0925477611997e-14
4.18451370498632e-15
1.5793786707009e-15
5.87440998727099e-16
2.15317311944845e-16
7.77732694099945e-17
2.76833391728648e-17
9.71053822476983e-18
3.35664058674026e-18
1.14341291096903e-18
