8.45216330087114e-22
2.52058012845994e-21
7.42135228486647e-21
2.15732461100074e-20
6.19152825398395e-20
1.75440610922318e-19
4.9080876925416e-19
1.35564010073879e-18
3.69680387964791e-18
9.95309905507613e-18
2.64569728728898e-17
6.94339525896708e-17
1.79909267721926e-16
4.60240776719719e-16
1.16242933914068e-15
2.89866443792796e-15
7.13640079357965e-15
1.73464430258945e-14
4.16285751241345e-14
9.86330740314861e-14
2.30729700429859e-13
5.32886044038481e-13
1.21510861934097e-12
2.73555699296795e-12
6.08031870751703e-12
1.33431027796069e-11
2.89092769377195e-11
6.18397234036541e-11
1.30601377643798e-10
2.72318965492625e-10
5.60606242996847e-10
1.13943060881768e-09
2.28648177796988e-09
4.52999286742149e-09
8.86088708924773e-09
1.7112237441275e-08
3.26276882116961e-08
6.14208355605378e-08
1.14155028726483e-07
2.0947118322645e-07
3.79492707640498e-07
6.7878540334338e-07
1.19870264930182e-06
2.08997141637019e-06
3.59765189016454e-06
6.1143154547811e-06
1.02595061248482e-05
1.69963231415639e-05
2.77992714752076e-05
4.48912564199401e-05
7.15714832058103e-05
0.000112659594799107
0.000175083920637833
0.00026864221041258
0.000406960400529602
0.000608667289192563
0.00089878886642879
0.00131034397517225
0.00188609193983383
0.00268034262443554
0.00376069122993653
0.00520948692747365
0.00712479115422599
0.00962053525416074
0.0128255572314333
0.0168811940182461
0.0219371391703406
0.0281453549685111
0.0356519575720629
0.0445871735337055
0.0550536876683275
0.0671139496380249
0.0807772551322764
0.0959876360159828
0.112613747600421
0.130441996520517
0.149174082122376
0.168429912071452
0.187756499754836
0.206642976841126
0.224541298346517
0.240891635514156
0.25515091009895
0.266822490823034
0.275484809933356
0.28081660914757
0.282616709472111
0.28081660914757
0.275484809933356
0.266822490823034
0.25515091009895
0.240891635514155
0.224541298346517
0.206642976841126
0.187756499754835
0.168429912071451
0.149174082122376
0.130441996520516
0.11261374760042
0.0959876360159826
0.0807772551322762
0.0671139496380245
0.0550536876683273
0.0445871735337054
0.0356519575720626
0.0281453549685109
0.0219371391703405
0.016881194018246
0.0128255572314333
0.00962053525416069
0.00712479115422592
0.00520948692747362
0.00376069122993651
0.00268034262443553
0.0018860919398338
0.00131034397517224
0.000898788866428782
0.000608667289192555
0.000406960400529599
0.000268642210412578
0.000175083920637831
0.000112659594799106
7.15714832058094e-05
4.48912564199398e-05
2.77992714752073e-05
1.69963231415638e-05
1.02595061248481e-05
6.114315454781e-06
3.59765189016451e-06
2.08997141637017e-06
1.19870264930179e-06
6.78785403343373e-07
3.79492707640494e-07
2.09471183226445e-07
1.14155028726482e-07
6.14208355605367e-08
3.26276882116957e-08
1.71122374412749e-08
8.86088708924754e-09
4.52999286742143e-09
2.28648177796984e-09
1.13943060881766e-09
5.60606242996843e-10
2.72318965492619e-10
1.30601377643796e-10
6.18397234036532e-11
2.89092769377188e-11
1.33431027796066e-11
6.08031870751692e-12
2.73555699296789e-12
1.21510861934096e-12
