2.29604064616437e-16
7.1516022039815e-16
2.18610673481215e-15
6.55818419040225e-15
1.93081245982222e-14
5.57880023610748e-14
1.58192454136775e-13
4.40225252910388e-13
1.2022876188374e-12
3.22244885344787e-12
8.47633136581658e-12
2.18813470661238e-11
5.54350467492693e-11
1.37828495855659e-10
3.3630850486652e-10
8.05343057133577e-10
1.89264090783955e-09
4.36515592654622e-09
9.88042294565264e-09
2.19480299730638e-08
4.78475592309482e-08
1.02368954520016e-07
2.14941849839145e-07
4.42912494202426e-07
8.95692867701806e-07
1.77764295290486e-06
3.46237569221375e-06
6.61832484686072e-06
1.24155568985813e-05
2.28574913669254e-05
4.12985838131229e-05
7.32294865949528e-05
0.000127432749751927
0.00021763079805064
0.000364757213952964
0.00059997293578157
0.000968509010731197
0.00153433399028772
0.00238550527757334
0.00363986345868348
0.00545047106093439
0.00800990230166719
0.0115521982907272
0.0163510740682735
0.0227128781972776
0.0309629472627802
0.0414244403069138
0.0543895218200267
0.070083868651689
0.0886268121917652
0.109990816266395
0.133965187632492
0.160129638578263
0.187843306912044
0.216253906815558
0.24432979695862
0.27091505580314
0.294804482899172
0.314832284321292
0.329965605448673
0.33939256192683
0.342594354913766
0.33939256192683
0.329965605448673
0.314832284321292
0.294804482899172
0.27091505580314
0.24432979695862
0.216253906815558
0.187843306912044
0.160129638578263
0.133965187632492
0.109990816266395
0.0886268121917653
0.0700838686516891
0.0543895218200268
0.041424440306914
0.0309629472627802
0.0227128781972776
0.0163510740682736
0.0115521982907272
0.00800990230166717
0.00545047106093441
0.00363986345868351
0.00238550527757334
0.00153433399028772
0.000968509010731203
0.000599972935781572
0.000364757213952965
0.000217630798050642
0.000127432749751927
7.32294865949528e-05
4.12985838131232e-05
2.28574913669255e-05
1.24155568985813e-05
6.61832484686076e-06
3.46237569221379e-06
1.77764295290485e-06
8.9569286770181e-07
4.4291249420243e-07
2.14941849839147e-07
1.02368954520017e-07
4.78475592309487e-08
2.19480299730639e-08
9.88042294565264e-09
4.36515592654625e-09
1.89264090783957e-09
8.05343057133577e-10
3.36308504866522e-10
1.37828495855663e-10
5.54350467492693e-11
2.18813470661239e-11
8.47633136581664e-12
3.2224488534479e-12
1.20228761883742e-12
4.40225252910395e-13
1.58192454136776e-13
5.57880023610751e-14
1.93081245982224e-14
6.5581841904023e-15
2.18610673481215e-15
7.1516022039816e-16
2.2960406461644e-16
7.23435855003822e-17
2.23699349966187e-17
6.78849730293236e-18
2.02174702425108e-18
5.90913906048806e-19
1.6949849380424e-19
4.77146465762229e-20
1.31820153927776e-20
3.57401320365143e-21
9.50987319029995e-22
2.4833477210556e-22
6.36421111342469e-23
1.60064807298993e-23
3.95085753565854e-24
9.5704226676958e-25
2.27517654612233e-25
5.30815163885065e-26
1.2153903249311e-26
2.73106768679511e-27
6.02272991386138e-28
1.30346251745725e-28
2.76852175976524e-29
5.77087371407736e-30
1.18053654294651e-30
2.37007197224902e-31
4.66968804739953e-32
9.02939056310965e-33
1.71345713149128e-33
