2.52358645301879e-23
7.46873076441353e-23
2.18464591689099e-22
6.31569207072975e-22
1.80453983604305e-21
5.0958617458042e-21
1.42224506791832e-20
3.92316769697087e-20
1.06955948962294e-19
2.88189832549058e-19
7.6746397830537e-19
2.01996099345846e-18
5.25452668735468e-18
1.35092070432496e-17
3.43266759310156e-17
8.62063542549238e-17
2.1396978196879e-16
5.24893562063365e-16
1.27261103456572e-15
3.0494797915267e-15
7.22206630576355e-15
1.69045190668897e-14
3.91065770565725e-14
8.94133621836088e-14
2.02050850933223e-13
4.51257650986213e-13
9.960797462569e-13
2.17304778842961e-12
4.68543677013245e-12
9.98473452530396e-12
2.10294831865237e-11
4.37750160257868e-11
9.00595275488523e-11
1.83121210905202e-10
3.68004623640634e-10
7.30926210282404e-10
1.43482664303343e-09
2.78375471655747e-09
5.33787176081701e-09
1.01160494243004e-08
1.89478259045722e-08
3.50762749325445e-08
6.41760793794506e-08
1.1604823370666e-07
2.07400368756113e-07
3.66341526127359e-07
6.39541031325836e-07
1.10345928192262e-06
1.88169767349273e-06
3.17138538402109e-06
5.28267422600868e-06
8.69689596215549e-06
1.41507792762558e-05
2.27563222726247e-05
3.61684111382725e-05
5.68149230295303e-05
8.8206593685734e-05
0.000135345965976166
0.000205255695825283
0.000307645633721811
0.000455734524817698
0.000667234880841903
0.000965497580000853
0.00138079521700116
0.00195169969840649
0.00272648022799071
0.0037644137126992
0.00513686293190047
0.00692794202642148
0.00923455875197863
0.0121656043764864
0.0158400616013863
0.0203838248910851
0.0259250814808583
0.0325881882790226
0.0404860996889273
0.0497115494804391
0.060327356678567
0.0723563964463718
0.085771933317909
0.100489134450453
0.116358643144287
0.13316307878971
0.150617225631006
0.168372475111371
0.186025801876666
0.203133200395909
0.219227117305969
0.233837022297847
0.246511910443765
0.256843263454164
0.264486852274843
0.269181762954318
0.270765180536941
0.269181762954318
0.264486852274843
0.256843263454164
0.246511910443765
0.233837022297846
0.219227117305969
0.203133200395909
0.186025801876665
0.16837247511137
0.150617225631006
0.13316307878971
0.116358643144287
0.100489134450453
0.0857719333179088
0.0723563964463716
0.060327356678567
0.049711549480439
0.0404860996889271
0.0325881882790226
0.0259250814808582
0.020383824891085
0.0158400616013863
0.0121656043764863
0.00923455875197859
0.00692794202642144
0.00513686293190045
0.00376441371269918
0.00272648022799069
0.00195169969840648
0.00138079521700115
0.000965497580000847
0.000667234880841903
0.000455734524817695
0.000307645633721809
0.000205255695825282
0.000135345965976166
8.82065936857334e-05
5.68149230295301e-05
3.61684111382721e-05
2.27563222726244e-05
1.41507792762558e-05
8.69689596215538e-06
5.28267422600866e-06
3.17138538402109e-06
1.8816976734927e-06
1.10345928192261e-06
6.39541031325828e-07
3.66341526127359e-07
2.07400368756112e-07
1.16048233706658e-07
6.41760793794504e-08
3.5076274932544e-08
1.89478259045719e-08
1.01160494243004e-08
5.33787176081693e-09
2.78375471655745e-09
1.43482664303341e-09
