1.66925402632815e-25
4.89636122143044e-25
1.42123189367323e-24
4.08222481062595e-24
1.16029753288532e-23
3.26349008521164e-23
9.08313364577606e-23
2.50166751327316e-22
6.81810917774369e-22
1.83881819144547e-21
4.9074299578509e-21
1.29601463528688e-20
3.38692967966716e-20
8.75876615709694e-20
2.24140409657357e-19
5.67594095452075e-19
1.42231586527976e-18
3.52691276384593e-18
8.65433812365713e-18
2.10142298472791e-17
5.04932790836001e-17
1.20058841958535e-16
2.82484877130959e-16
6.57713465573187e-16
1.51537019786575e-15
3.45494571735306e-15
7.79478593056322e-15
1.74023394099051e-14
3.8446034806435e-14
8.40496584029893e-14
1.81828027938925e-13
3.89247813927724e-13
8.24578513092936e-13
1.72853557897507e-12
3.58562700857207e-12
7.3602467760566e-12
1.49506515205504e-11
3.00516512187801e-11
5.97746495501365e-11
1.17653869533064e-10
2.29158446751355e-10
4.4167823881988e-10
8.42396614425977e-10
1.58989228164098e-09
2.96933547667331e-09
5.48771199992362e-09
1.00360734946675e-08
1.81625504137742e-08
3.25259739937621e-08
5.76400389942002e-08
1.01078479278021e-07
1.75401624228061e-07
3.01195861180445e-07
5.11805403632873e-07
8.6059974244849e-07
1.43198356835279e-06
2.35784545180704e-06
3.84178550686727e-06
6.19428766496837e-06
9.88302979381433e-06
1.56037619750257e-05
2.43786137705929e-05
3.7690263602094e-05
5.76620157937305e-05
8.72953166103165e-05
0.000130777353989499
0.000193871792423127
0.000284404970959196
0.000412857537779193
0.00059306696179486
0.000843039109162787
0.00118585664414005
0.00165065814027983
0.00227364450996008
0.00309904915771217
0.00417998617681202
0.0055790686301904
0.00736866885653185
0.00963067781242928
0.0124556141449688
0.0159409395847171
0.0201884586902323
0.0253007205086726
0.0313763985276343
0.0385047026463664
0.0467589696862775
0.0561896814752288
0.0668172635048712
0.0786251121686718
0.0915533729157613
0.105494033439536
0.12028789470716
0.135723930543716
0.151541440265366
0.167435240639464
0.183063941442654
0.198061117257769
0.212048946109779
0.224653655654999
0.235521923499704
0.244337241756304
0.250835194666518
0.254816622757262
0.25615775978928
0.254816622757262
0.250835194666518
0.244337241756304
0.235521923499704
0.224653655654999
0.212048946109779
0.198061117257769
0.183063941442654
0.167435240639464
0.151541440265366
0.135723930543716
0.12028789470716
0.105494033439536
0.0915533729157613
0.0786251121686718
0.0668172635048712
0.0561896814752288
0.0467589696862775
0.0385047026463662
0.0313763985276344
0.0253007205086726
0.0201884586902323
0.0159409395847171
0.0124556141449688
0.00963067781242928
0.00736866885653185
0.0055790686301904
0.00417998617681202
0.00309904915771217
0.00227364450996006
0.00165065814027983
0.00118585664414004
0.000843039109162787
0.00059306696179486
0.00041285753777919
0.000284404970959196
0.000193871792423127
0.000130777353989499
8.72953166103165e-05
5.76620157937301e-05
3.7690263602094e-05
2.43786137705929e-05
1.56037619750257e-05
9.88302979381433e-06
6.19428766496834e-06
3.84178550686727e-06
2.35784545180704e-06
