2.09517619241689e-19
6.34358675481557e-19
1.89230573790126e-18
5.56147281049377e-18
1.61038760776652e-17
4.59423399430087e-17
1.29133193545619e-16
3.57605970930241e-16
9.7569419498985e-16
2.62279755493466e-15
6.94636994004083e-15
1.81256310924952e-14
4.65983408884885e-14
1.18029308056497e-13
2.94544798376141e-13
7.24194035300998e-13
1.75428689440243e-12
4.18685946640631e-12
9.84505707630058e-12
2.28081563913392e-11
5.20600062103789e-11
1.17073968073023e-10
2.59393178483728e-10
5.66237793159622e-10
1.21781478973739e-09
2.58051106050453e-09
5.38731407470059e-09
1.10810510332402e-08
2.24559640470447e-08
4.48357607551057e-08
8.81981491232342e-08
1.70937161946408e-07
3.26404093270607e-07
6.14068462203809e-07
1.13820392619358e-06
2.07857383008384e-06
3.73983912099259e-06
6.62952595103574e-06
1.1578548500256e-05
1.99236017838765e-05
3.37772023808568e-05
5.64185069203209e-05
9.28456563655878e-05
0.000150537147499184
0.000240473853879492
0.000378472330236594
0.000586870790094115
0.000896588045127532
0.00134953913430904
0.00200133647879038
0.0029241310303843
0.00420935580511629
0.00597003028201868
0.00834217931061565
0.0114848306727517
0.0155780022424576
0.0208180964840252
0.0274102099124803
0.0355570559747474
0.0454444988869976
0.0572240948361342
0.0709935076267398
0.0867761596392835
0.104501929082605
0.123991033043785
0.144943364696848
0.166935417880636
0.189426496950449
0.211775178661875
0.2332660176695
0.253145366701605
0.270664052665899
0.285123666436285
0.29592253815799
0.302597202785532
0.304855380424846
0.302597202785532
0.29592253815799
0.285123666436285
0.270664052665898
0.253145366701604
0.2332660176695
0.211775178661875
0.189426496950449
0.166935417880636
0.144943364696848
0.123991033043785
0.104501929082604
0.0867761596392832
0.0709935076267398
0.057224094836134
0.0454444988869974
0.0355570559747472
0.0274102099124802
0.0208180964840251
0.0155780022424575
0.0114848306727517
0.0083421793106156
0.00597003028201865
0.00420935580511628
0.00292413103038428
0.00200133647879037
0.00134953913430904
0.000896588045127528
0.00058687079009411
0.000378472330236592
0.000240473853879491
0.000150537147499183
9.2845656365587e-05
5.64185069203207e-05
3.37772023808564e-05
1.99236017838763e-05
1.1578548500256e-05
6.62952595103572e-06
3.73983912099256e-06
2.07857383008383e-06
1.13820392619358e-06
6.14068462203803e-07
3.26404093270605e-07
1.70937161946406e-07
8.81981491232326e-08
4.48357607551055e-08
2.24559640470446e-08
1.10810510332401e-08
5.38731407470056e-09
2.58051106050451e-09
1.21781478973738e-09
5.66237793159614e-10
2.59393178483726e-10
1.17073968073022e-10
5.20600062103783e-11
2.2808156391339e-11
9.8450570763004e-12
4.18685946640621e-12
1.75428689440242e-12
7.24194035300983e-13
2.94544798376138e-13
1.18029308056496e-13
4.6598340888488e-14
1.8125631092495e-14
6.94636994004068e-15
2.62279755493464e-15
9.75694194989843e-16
3.57605970930234e-16
1.29133193545619e-16
4.59423399430087e-17
1.61038760776648e-17
5.5614728104937e-18
1.89230573790122e-18
6.34358675481548e-19
2.09517619241689e-19
