7.42127797216488e-12
2.52583672570366e-11
8.33422752932903e-11
2.66599258023058e-10
8.2677250320605e-10
2.485688006929e-09
7.24503877006928e-09
2.04723791062504e-08
5.60827654977796e-08
1.48944349218085e-07
3.83488324251535e-07
9.57224410101018e-07
2.31637510383286e-06
5.43422375400179e-06
1.2359464343412e-05
2.72518058216336e-05
5.82538223524809e-05
0.000120722180966662
0.00024253991608036
0.000472403250864263
0.000892022967547925
0.0016329492968571
0.00289802994050382
0.00498616378827918
0.00831694284815798
0.0134491364054358
0.0210842707270442
0.0320447047233335
0.0472158126236727
0.0674453740554383
0.093400751602293
0.125395536785974
0.163210197819991
0.205942513003573
0.251929038436779
0.298774793324751
0.343513005866956
0.382891670878847
0.413753954917853
0.433452888499515
0.440225453162812
0.433452888499515
0.413753954917853
0.382891670878847
0.343513005866956
0.298774793324751
0.251929038436778
0.205942513003573
0.163210197819991
0.125395536785974
0.0934007516022928
0.0674453740554381
0.0472158126236726
0.0320447047233335
0.0210842707270441
0.0134491364054357
0.00831694284815796
0.00498616378827917
0.0028980299405038
0.0016329492968571
0.000892022967547921
0.000472403250864263
0.00024253991608036
0.000120722180966661
5.82538223524808e-05
2.72518058216335e-05
1.2359464343412e-05
5.43422375400178e-06
2.31637510383284e-06
9.57224410101018e-07
3.83488324251534e-07
1.48944349218083e-07
5.60827654977792e-08
2.04723791062502e-08
7.24503877006928e-09
2.48568800692898e-09
8.26772503206056e-10
2.66599258023058e-10
8.33422752932888e-11
2.52583672570366e-11
7.42127797216481e-12
2.11390579138857e-12
5.83748883216397e-13
1.56278776068346e-13
4.05608870533308e-14
1.02058314524947e-14
2.48956141093747e-15
5.88749837099717e-16
1.34980881729044e-16
3.00017940816497e-17
6.46480895846291e-18
1.3505095812193e-18
2.73509961355299e-19
5.37009700839127e-20
1.02217350205802e-20
1.88625589609991e-21
3.37450523777224e-22
5.85265746642567e-23
9.84078202921967e-24
1.60413022539093e-24
2.53503019124179e-25
3.88382948468215e-26
5.76860334303258e-27
8.30643564407805e-28
1.15955735884674e-28
1.56929023588627e-29
2.05895954330975e-30
2.61894186601311e-31
3.22951575661446e-32
3.86084584648485e-33
4.47467008053447e-34
5.02774314930486e-35
5.47669619365803e-36
5.78359297930041e-37
5.92120773764108e-38
5.87700930805362e-39
5.65504367683129e-40
5.27532296380635e-41
4.77084873364629e-42
4.18288327106715e-43
3.55540720301443e-44
2.92978974898064e-45
2.34054538441423e-46
1.81272190497872e-47
1.36106480295656e-48
9.90740526398774e-50
6.99156754369848e-51
4.78324571831534e-52
3.17251971542064e-53
2.03994976294203e-54
1.27165153394907e-55
7.68511323699227e-57
4.5026265413416e-58
2.55749673214188e-59
1.40830834372147e-60
7.51820081287538e-62
3.89102118516425e-63
1.95230098575064e-64
9.49649745482963e-66
4.47830474088719e-67
2.04737471153607e-68
9.07432920075341e-70
3.8991076974612e-71
1.62423713600273e-72
6.5594457574461e-74
2.56813801018393e-75
9.74772069879634e-77
3.5869167691015e-78
1.27959644958074e-79
4.42545835069699e-81
1.48380555860044e-82
