2.30416076756657e-21
6.888122043193e-21
2.03232529966807e-20
5.91820423584144e-20
1.70094788700519e-19
4.82498983031908e-19
1.35084690232038e-18
3.73267514421349e-18
1.01797847037797e-17
2.7400679062336e-17
7.27927947224521e-17
1.90862142978977e-16
4.93918772273741e-16
1.261524252601e-15
3.18009438782471e-15
7.91204504767881e-15
1.94286143065142e-14
4.70868065122927e-14
1.1263178888856e-13
2.65905341454238e-13
6.19580121726617e-13
1.42486009771985e-12
3.23408409109181e-12
7.24493888351201e-12
1.60185233663982e-11
3.49554233739679e-11
7.52854392773099e-11
1.60033810297915e-10
3.35750630682152e-10
6.95226412774614e-10
1.4208231484464e-09
2.86588077837953e-09
5.7053271157029e-09
1.12100439329135e-08
2.17389425145719e-08
4.1607713302065e-08
7.85983840265634e-08
1.46540517390519e-07
2.69653560273933e-07
4.89732506276905e-07
8.7784135993423e-07
1.55302154646167e-06
2.71171009527179e-06
4.6731892542772e-06
7.94854826174833e-06
1.33434027983073e-05
2.21080130239871e-05
3.61524023616287e-05
5.83483993428388e-05
9.29447933360612e-05
0.000146125335130763
0.000226741131196855
0.000347247743611403
0.000524871377759855
0.000783016084427154
0.0011529031099463
0.00167540293834856
0.00240297952053357
0.00340161533683238
0.00475252781168467
0.00655342702526495
0.0089190090207888
0.0119803380638608
0.0158827565086625
0.0207819845384045
0.0268381447828035
0.0342075759717358
0.0430324867346269
0.0534287386689787
0.0654723205986926
0.0791853574838254
0.0945227533587737
0.111360758525038
0.129488837454483
0.148606161962106
0.16832384322367
0.188173643459669
0.207623392940807
0.226098722551749
0.243010068559408
0.257783289899322
0.269891738391888
0.278887310417441
0.284427937453485
0.286299167156934
0.284427937453485
0.278887310417441
0.269891738391888
0.257783289899322
0.243010068559408
0.226098722551749
0.207623392940807
0.188173643459669
0.16832384322367
0.148606161962105
0.129488837454482
0.111360758525038
0.0945227533587731
0.0791853574838251
0.0654723205986926
0.0534287386689785
0.0430324867346268
0.0342075759717358
0.0268381447828034
0.0207819845384044
0.0158827565086624
0.0119803380638608
0.00891900902078875
0.00655342702526492
0.00475252781168467
0.00340161533683234
0.00240297952053356
0.00167540293834856
0.0011529031099463
0.000783016084427147
0.000524871377759853
0.000347247743611402
0.000226741131196853
0.000146125335130762
9.29447933360607e-05
5.83483993428382e-05
3.61524023616285e-05
2.2108013023987e-05
1.33434027983072e-05
7.94854826174826e-06
4.6731892542772e-06
2.71171009527176e-06
1.55302154646166e-06
8.7784135993423e-07
4.89732506276901e-07
2.6965356027393e-07
1.46540517390518e-07
7.85983840265626e-08
4.16077133020646e-08
2.17389425145718e-08
1.12100439329134e-08
5.70532711570286e-09
2.86588077837949e-09
1.42082314844639e-09
6.95226412774601e-10
3.35750630682147e-10
1.60033810297914e-10
7.52854392773093e-11
3.49554233739676e-11
1.60185233663981e-11
7.24493888351194e-12
3.23408409109179e-12
1.42486009771982e-12
6.19580121726606e-13
2.65905341454237e-13
1.12631788888559e-13
