1.23085206529866e-14
3.92720375551282e-14
1.22564117350644e-13
3.74149855174164e-13
1.11719800837979e-12
3.26299986689228e-12
9.3219397406768e-12
2.6049408018317e-11
7.12019285904019e-11
1.90365387855632e-10
4.97836289089301e-10
1.27346626686817e-09
3.18632940769335e-09
7.79823341430131e-09
1.8668272020987e-08
4.37133754121521e-08
1.00121396080972e-07
2.24306460666766e-07
4.91540153233715e-07
1.05360676448678e-06
2.20902398778664e-06
4.53027583193748e-06
9.08764159815784e-06
1.78311793450658e-05
3.42224641594763e-05
6.42458113947816e-05
0.00011797247516954
0.000211894115581137
0.000372271194707377
0.000639738225987915
0.0010753442129068
0.00176805200334718
0.00284344543723618
0.00447298143069298
0.00688258562919502
0.0103587769883561
0.0152499238566968
0.0219598413917067
0.0309309354543379
0.0426146810473286
0.0574285381948097
0.07570047648345
0.0976049394441817
0.123096955393326
0.151853623181518
0.183233694146293
0.216265801074438
0.249673638876855
0.281942058033586
0.311422059196677
0.336466019552092
0.355578407598015
0.367563080677991
0.371647073123583
0.367563080677991
0.355578407598015
0.336466019552092
0.311422059196677
0.281942058033586
0.249673638876855
0.216265801074438
0.183233694146293
0.151853623181517
0.123096955393325
0.0976049394441816
0.0757004764834497
0.0574285381948098
0.0426146810473285
0.0309309354543378
0.0219598413917067
0.0152499238566968
0.0103587769883561
0.006882585629195
0.00447298143069296
0.00284344543723618
0.00176805200334717
0.00107534421290681
0.000639738225987914
0.000372271194707375
0.000211894115581137
0.000117972475169539
6.42458113947811e-05
3.42224641594763e-05
1.78311793450659e-05
9.08764159815776e-06
4.53027583193746e-06
2.20902398778665e-06
1.05360676448678e-06
4.91540153233713e-07
2.24306460666767e-07
1.00121396080972e-07
4.37133754121514e-08
1.8668272020987e-08
7.79823341430125e-09
3.18632940769329e-09
1.27346626686817e-09
4.97836289089304e-10
1.90365387855628e-10
7.12019285904011e-11
2.6049408018317e-11
9.3219397406768e-12
3.26299986689225e-12
1.11719800837979e-12
3.74149855174162e-13
1.22564117350641e-13
3.92720375551282e-14
1.23085206529865e-14
3.77338062280443e-15
1.131508193198e-15
3.31884616894603e-16
9.52179604798839e-17
2.67210154806588e-17
7.33481854394618e-18
1.96937364566666e-18
5.17212724999292e-19
1.32865618222409e-19
3.33855362076715e-20
8.20552609559356e-21
1.97268089248146e-21
4.63884196039444e-22
1.06700056081448e-22
2.4006124294302e-23
5.28301428443915e-24
1.13721833070162e-24
2.39446365724507e-25
4.93145392734792e-26
9.93445489227608e-27
1.95756159554647e-27
3.77302047633638e-28
7.11320327813062e-29
1.31172745822602e-29
2.36605225143881e-30
4.17452806155864e-31
7.20431627045254e-32
1.21613135942179e-32
2.00803157070441e-33
3.24311924713245e-34
5.12339252857195e-35
7.91689117961259e-36
1.19661392435965e-36
1.769113761646e-37
2.55834907298814e-38
3.61881326635139e-39
5.00696871774341e-40
6.77619529572683e-41
8.97014126091761e-42
1.16148868221572e-42
1.47106890016995e-43
1.82244058302377e-44
2.20839153402447e-45
2.61758685541878e-46
