5.70330273091459e-19
1.73251039425013e-18
5.18285929919832e-18
1.52688783547694e-17
4.42984975876479e-17
1.26565402591568e-16
3.56110811157729e-16
9.86732557665549e-16
2.6925135875524e-15
7.23536583634051e-15
1.91472863425412e-14
4.98997207408189e-14
1.28065793297404e-13
3.23677356746789e-13
8.05630017507972e-13
1.97470900236663e-12
4.7666659610362e-12
1.13310583696067e-11
2.65259154425855e-11
6.11525302168345e-11
1.38836170727363e-10
3.10409474478297e-10
6.83457409556736e-10
1.48194501324767e-09
3.16444002549524e-09
6.65435236743997e-09
1.37803061260943e-08
2.81032199500881e-08
5.6441356801411e-08
1.11630521597634e-07
2.17426566936399e-07
4.17048351705387e-07
7.87778919969233e-07
1.46543462125459e-06
2.68455734707185e-06
4.84309591026433e-06
8.60434071992223e-06
1.50541512538087e-05
2.59381559331587e-05
4.40114892365143e-05
7.3542294826281e-05
0.000121018687003501
0.000196115464899913
0.000312979139889601
0.000491884445625795
0.000761298426528382
0.00116035511420347
0.00174169078929959
0.002574514459976
0.0037476908774477
0.00537249887971069
0.0075846064580702
0.0105446923962554
0.0144370654357116
0.0194656128026545
0.0258464785938371
0.0337970527108008
0.0435211559697612
0.0551907328877224
0.0689248843462058
0.0847676369883539
0.102666381006033
0.122453323242904
0.143832504998877
0.16637484291998
0.189523216554228
0.212608843205224
0.234879101201274
0.255535695047323
0.273780755525111
0.288867316581524
0.300149789012894
0.307129705702261
0.309492230295086
0.307129705702261
0.300149789012894
0.288867316581524
0.273780755525111
0.255535695047322
0.234879101201273
0.212608843205223
0.189523216554228
0.16637484291998
0.143832504998876
0.122453323242904
0.102666381006033
0.0847676369883537
0.0689248843462056
0.0551907328877219
0.0435211559697611
0.0337970527108006
0.0258464785938369
0.0194656128026544
0.0144370654357115
0.0105446923962553
0.00758460645807015
0.00537249887971066
0.00374769087744766
0.00257451445997598
0.00174169078929958
0.00116035511420346
0.000761298426528372
0.000491884445625792
0.000312979139889598
0.00019611546489991
0.0001210186870035
7.35422948262802e-05
4.40114892365136e-05
2.59381559331584e-05
1.50541512538086e-05
8.60434071992206e-06
4.84309591026429e-06
2.68455734707182e-06
1.46543462125457e-06
7.87778919969221e-07
4.17048351705383e-07
2.17426566936396e-07
1.11630521597631e-07
5.64413568014104e-08
2.81032199500877e-08
1.37803061260939e-08
6.65435236743992e-09
3.16444002549519e-09
1.48194501324765e-09
6.83457409556731e-10
3.10409474478292e-10
1.38836170727361e-10
6.11525302168336e-11
2.65259154425851e-11
1.13310583696065e-11
4.76666596103611e-12
1.97470900236659e-12
8.05630017507958e-13
3.23677356746779e-13
1.28065793297402e-13
4.9899720740818e-14
1.91472863425409e-14
7.23536583634038e-15
2.69251358755231e-15
9.86732557665528e-16
3.56110811157716e-16
1.26565402591565e-16
4.42984975876469e-17
1.52688783547691e-17
5.18285929919821e-18
1.73251039425009e-18
5.70330273091439e-19
1.84893288159342e-19
5.90282643388621e-20
1.85585066449422e-20
5.74606038801763e-21
