1.55188833553856e-18
4.73081256008098e-18
1.41953039987559e-17
4.19263772781332e-17
1.21888761042017e-16
3.48797747189235e-16
9.82465624944151e-16
2.72392246074807e-15
7.43371320151299e-15
1.99687346789242e-14
5.27993985809573e-14
1.37417197988413e-13
3.52035844618501e-13
8.87700301296689e-13
2.20332992345783e-12
5.383024817991e-12
1.29451448881701e-11
3.06422839881802e-11
7.13952033531463e-11
1.63738429561528e-10
3.69628875054916e-10
8.21324625776974e-10
1.79637698581153e-09
3.86735290774793e-09
8.19528027326474e-09
1.70941496244402e-08
3.50965862068178e-08
7.09277092615531e-08
1.41091443340849e-07
2.76260696762962e-07
5.32440660455393e-07
1.01008287522097e-06
1.88615112520607e-06
3.46680688129529e-06
6.27215087875576e-06
1.11695847564448e-05
1.95790332129885e-05
3.37815165434418e-05
5.73720972128479e-05
9.5908255817288e-05
0.000157813788055243
0.000255603961217864
0.000407496515678071
0.000639460765651661
0.000987728513649417
0.00150174074101563
0.00224742919865819
0.0033106308596173
0.00480030887707577
0.00685111553288099
0.00962469738487717
0.013309034776192
0.0181150576419126
0.024269820528372
0.0320056825529927
0.0415452432431878
0.0530822353045854
0.0667591477228687
0.0826429951588101
0.100701281554555
0.120780724566501
0.142591601831742
0.165700549642122
0.189534220872391
0.213395375571531
0.236491783868629
0.257976885172789
0.276999647497338
0.29275971931946
0.304562979104316
0.311872143926315
0.314347306730966
0.311872143926315
0.304562979104316
0.29275971931946
0.276999647497338
0.257976885172789
0.236491783868628
0.213395375571531
0.189534220872391
0.165700549642122
0.142591601831741
0.120780724566501
0.100701281554555
0.0826429951588095
0.0667591477228685
0.0530822353045854
0.0415452432431877
0.0320056825529925
0.024269820528372
0.0181150576419125
0.0133090347761919
0.00962469738487713
0.00685111553288096
0.00480030887707573
0.00331063085961728
0.00224742919865819
0.00150174074101561
0.000987728513649413
0.000639460765651659
0.000407496515678068
0.000255603961217861
0.000157813788055243
9.59082558172874e-05
5.73720972128473e-05
3.37815165434416e-05
1.95790332129884e-05
1.11695847564446e-05
6.27215087875573e-06
3.46680688129529e-06
1.88615112520605e-06
1.01008287522096e-06
5.32440660455393e-07
2.7626069676296e-07
1.41091443340847e-07
7.09277092615529e-08
3.50965862068175e-08
1.709414962444e-08
8.19528027326469e-09
3.86735290774787e-09
1.7963769858115e-09
8.21324625776959e-10
3.6962887505491e-10
1.63738429561527e-10
7.13952033531455e-11
3.06422839881802e-11
1.294514488817e-11
5.3830248179909e-12
2.20332992345783e-12
8.87700301296673e-13
3.52035844618494e-13
1.37417197988411e-13
5.27993985809569e-14
1.99687346789239e-14
7.43371320151283e-15
2.72392246074801e-15
9.82465624944151e-16
3.48797747189232e-16
1.21888761042014e-16
4.19263772781329e-17
1.41953039987557e-17
4.73081256008098e-18
1.55188833553853e-18
5.01093628468518e-19
1.5926156404874e-19
4.98237895382175e-20
1.53425031238685e-20
4.6503899186733e-21
1.38744635600731e-21
4.07452246718962e-22
1.17779828390466e-22
