1.38146264700563e-09
5.28207650362117e-09
1.9267831519356e-08
6.70538325847091e-08
2.22626564298836e-07
7.05168615166676e-07
2.13094175099221e-06
6.14345660068816e-06
1.68972731006354e-05
4.4338711147279e-05
0.000110997224344513
0.000265096372686311
0.000604029381822535
0.00131303092950483
0.00272304275802708
0.00538761530374846
0.0101695399691868
0.0183133860218656
0.0314628894823688
0.051569292394197
0.0806392263360392
0.120299589446788
0.171216080371522
0.232481055419678
0.301157164312326
0.372187207976653
0.438825946522988
0.493612065469465
0.529714483708778
0.542326144546641
0.529714483708778
0.493612065469465
0.438825946522988
0.372187207976653
0.301157164312326
0.232481055419678
0.171216080371522
0.120299589446788
0.0806392263360391
0.0515692923941968
0.0314628894823688
0.0183133860218656
0.0101695399691868
0.00538761530374845
0.00272304275802708
0.00131303092950482
0.000604029381822534
0.00026509637268631
0.000110997224344513
4.4338711147279e-05
1.68972731006353e-05
6.14345660068814e-06
2.1309417509922e-06
7.05168615166676e-07
2.22626564298835e-07
6.70538325847089e-08
1.92678315193558e-08
5.28207650362117e-09
1.38146264700561e-09
3.44695980255913e-10
8.20532719483913e-11
1.86345195982673e-11
4.03741238640925e-12
8.34546679895629e-13
1.64573827239598e-13
3.09623215706028e-14
5.55736443400508e-15
9.51627207981995e-16
1.55463140348904e-16
2.42298449218066e-17
3.6027692346826e-18
5.11075272736076e-19
6.91665167909674e-20
8.93037208249609e-21
1.10003325760593e-21
1.29272065962144e-22
1.44932631020834e-23
1.55020907691015e-24
1.58189257419732e-25
1.54001982584718e-26
1.43033659118851e-27
1.2673973617198e-28
1.0713958531465e-29
8.64071609823831e-31
6.64832319512345e-32
4.88019441824022e-33
3.41762758736618e-34
2.28336301435684e-35
1.45541819567379e-36
8.85040716248063e-38
5.13453731167362e-39
2.84185549009545e-40
1.50060116251178e-41
7.55946707285126e-43
3.63311958872255e-44
1.6658305399628e-45
7.2869293489151e-47
3.04103144169358e-48
1.21076504587939e-49
4.59897926439124e-51
1.66657798607763e-52
5.76172389716308e-54
1.90038615452126e-55
5.97989949712282e-57
1.79518216482456e-58
5.14145190253824e-60
1.40483604761056e-61
3.66208246950142e-63
9.10737482166004e-65
2.1608315569471e-66
4.89115278740284e-68
1.05624376308027e-69
2.17610425621047e-71
4.27718319529574e-73
8.02044782415105e-75
1.43483511471441e-76
2.44888272679962e-78
3.98746231718355e-80
6.19423686255847e-82
9.17997793992403e-84
1.29795034838879e-85
1.7508024018641e-87
2.25309135259312e-89
2.76619683684506e-91
3.24003702161912e-93
3.62059108295915e-95
3.85986037481085e-97
3.92578331633761e-99
3.80928676453628e-101
3.52633544976959e-103
3.11434119907884e-105
2.62404556214078e-107
2.10930394415028e-109
1.61759416077389e-111
1.18348453964025e-113
8.26072605063728e-116
5.50093437057523e-118
3.49475970694693e-120
2.11816988272389e-122
1.22480477323631e-124
6.75671443441268e-127
3.55604191232467e-129
1.78550384744804e-131
8.55297735745711e-134
3.90873715334331e-136
1.70419082984906e-138
7.08863465949239e-141
2.81299899031632e-143
1.06497440746731e-145
3.84654997261462e-148
1.32545869738746e-150
