1.24588746386592e-08
5.29097185509543e-08
2.11283835640697e-07
7.9336178849255e-07
2.80124098454224e-06
9.30044759744187e-06
2.9035640733906e-05
8.52379828970434e-05
0.000235293049998109
0.00061074401604482
0.00149067692027421
0.00342122801886666
0.00738337112041563
0.0149830960163234
0.0285905567445268
0.0513000570448111
0.0865540251546111
0.137319077238327
0.204855990881446
0.287369483646789
0.379058999382451
0.470161606652749
0.54835486069754
0.601381991433692
0.620173672946042
0.601381991433692
0.54835486069754
0.470161606652749
0.379058999382451
0.287369483646789
0.204855990881445
0.137319077238327
0.086554025154611
0.0513000570448111
0.0285905567445267
0.0149830960163234
0.00738337112041562
0.00342122801886666
0.00149067692027421
0.00061074401604482
0.000235293049998109
8.52379828970432e-05
2.90356407339058e-05
9.30044759744187e-06
2.80124098454224e-06
7.93361788492544e-07
2.11283835640695e-07
5.29097185509543e-08
1.24588746386592e-08
2.75864849386718e-09
5.74365178446585e-10
1.12448592611626e-10
2.07011337714264e-11
3.58350838554285e-12
5.83306618351646e-13
8.9281107483592e-14
1.28498015122531e-14
1.73903152719503e-15
2.21305739510135e-16
2.64820795031577e-17
2.9797901377273e-18
3.15277848031412e-19
3.13671761178148e-20
2.93448283130306e-21
2.58143925091679e-22
2.13533702907227e-23
1.66090632521336e-24
1.21478111710153e-25
8.35458942071937e-27
5.40289312304618e-28
3.28550269169787e-29
1.87867416765008e-30
1.01012538629464e-31
5.10708744127655e-33
2.42798213729321e-34
1.08540512186433e-35
4.56260037317215e-37
1.80346277457399e-38
6.70310649003517e-40
2.34271382891575e-41
7.69903952389298e-43
2.37918406719277e-44
6.91343242552425e-46
1.88900708753144e-47
4.85341734945035e-49
1.17256216002632e-50
2.6637796525584e-52
5.69029661576415e-54
1.14299860162825e-55
2.15889081482117e-57
3.83433314591114e-59
6.403585238594e-61
1.00561265847207e-62
1.48495213111772e-64
2.0619036249244e-66
2.69214505319287e-68
3.30523798864148e-70
3.81576131758351e-72
4.14222658919047e-74
4.2282503054433e-76
4.05846412596435e-78
3.66300000895233e-80
3.10875368966118e-82
2.48090362372336e-84
1.86169125580466e-86
1.31364981833561e-88
8.71617110159104e-91
5.43808597813193e-93
3.19036651196001e-95
1.75998623890659e-97
9.12960845057133e-100
4.45316941418614e-102
2.04249249217587e-104
8.80898571749156e-107
3.57244481332552e-109
1.36232064177437e-111
4.88503108112346e-114
1.64713619692252e-116
5.22234882337889e-119
1.55695631836463e-121
4.36476800739971e-124
1.15058865697698e-126
2.85202413792931e-129
6.64753283430749e-132
1.45694102062097e-134
3.00260108319259e-137
5.81872039155499e-140
1.06030674874815e-142
1.81681099133464e-145
2.9272657898898e-148
4.43495024289944e-151
6.31814417376971e-154
8.46378256371455e-157
1.06613855549414e-159
1.26280701756031e-162
1.40648307268267e-165
1.4730117748772e-168
1.45061482986886e-171
1.34329745907025e-174
1.16967837090407e-177
9.57711959927886e-181
7.37356559997536e-184
5.33819422997995e-187
3.63400382770837e-190
2.32621887367993e-193
1.40019961977656e-196
7.92507756474157e-200
4.21785138361813e-203
2.11082977097087e-206
9.93320352698978e-210
4.39541254185403e-213
