1.39556615881608e-21
4.16681233004058e-21
1.22810504808828e-20
3.57309988861074e-20
1.02620201532604e-19
2.9093678409798e-19
8.14221319551502e-19
2.24938798191806e-18
6.13429046061989e-18
1.65136230437558e-17
4.38832174952031e-17
1.15115186876558e-16
2.98088243788095e-16
7.61965203256016e-16
1.9226644409333e-15
4.78905599115255e-15
1.1775365600714e-14
2.85809690898483e-14
6.84790245663674e-14
1.61963161563005e-13
3.78140323054226e-13
8.71500821907168e-13
1.98271675269989e-12
4.45278387398205e-12
9.87144252345361e-12
2.16026829176524e-11
4.66673162433274e-11
9.95167136800791e-11
2.0948710293998e-10
4.35307971949912e-10
8.92923011669445e-10
1.80804599826508e-09
3.61395715736389e-09
7.1307398010331e-09
1.38887846483756e-08
2.67037321748938e-08
5.06824672154158e-08
9.49558219855158e-08
1.75615769921523e-07
3.20614744892491e-07
5.77805319479318e-07
1.02791604496909e-06
1.80514386371228e-06
3.12927736405959e-06
5.35493696331066e-06
9.04571149037032e-06
1.50837444547481e-05
2.48286819413206e-05
4.03437467706592e-05
6.47108133009182e-05
0.000102460283245087
0.000160144604420413
0.000247085428852335
0.000376322360086592
0.000565784411385343
0.000839691962693216
0.00123017551850377
0.00177906669120252
0.00253977615965142
0.00357912380132285
0.00497893050331239
0.00683712425833886
0.00926806233985939
0.0124017360745725
0.0163815159163514
0.0213601233569478
0.0274935923943017
0.0349331129433929
0.0438148320419715
0.0542479185620541
0.0663014570356765
0.0799910008305149
0.0952658515165027
0.11199830284559
0.129976157778523
0.148899765086446
0.168384610037704
0.187970130665176
0.207134936782837
0.225318023998002
0.241944958296835
0.25645742910044
0.268344103653182
0.277170429330859
0.282604971205938
0.284440061994287
0.282604971205938
0.277170429330859
0.268344103653182
0.25645742910044
0.241944958296835
0.225318023998001
0.207134936782836
0.187970130665175
0.168384610037704
0.148899765086446
0.129976157778523
0.11199830284559
0.0952658515165025
0.0799910008305146
0.0663014570356763
0.0542479185620539
0.0438148320419713
0.0349331129433927
0.0274935923943016
0.0213601233569477
0.0163815159163513
0.0124017360745724
0.00926806233985934
0.00683712425833886
0.00497893050331233
0.00357912380132283
0.00253977615965141
0.00177906669120251
0.00123017551850376
0.000839691962693211
0.000565784411385338
0.000376322360086589
0.000247085428852333
0.000160144604420411
0.000102460283245085
6.4710813300918e-05
4.03437467706588e-05
2.48286819413206e-05
1.50837444547479e-05
9.0457114903703e-06
5.35493696331063e-06
3.12927736405955e-06
1.80514386371227e-06
1.02791604496908e-06
5.77805319479309e-07
3.20614744892488e-07
1.7561576992152e-07
9.49558219855144e-08
5.06824672154153e-08
2.67037321748934e-08
1.38887846483755e-08
7.130739801033e-09
3.61395715736382e-09
1.80804599826506e-09
8.92923011669433e-10
4.35307971949908e-10
2.09487102939976e-10
9.95167136800773e-11
4.66673162433274e-11
2.16026829176521e-11
9.87144252345336e-12
4.45278387398202e-12
1.98271675269986e-12
8.71500821907158e-13
3.78140323054219e-13
