2.24139922743451e-26
6.55447606459704e-26
1.89749649685324e-25
5.43811291213809e-25
1.54290680847073e-24
4.3336657057189e-24
1.2050230547915e-23
3.31710746537618e-23
9.03957400083783e-23
2.43871261054317e-22
6.51324658722378e-22
1.72210113957421e-21
4.50758603391171e-21
1.1680290173153e-20
2.99631505560599e-20
7.60931491344299e-20
1.9130568504928e-19
4.76139741113576e-19
1.17318154804746e-18
2.86167462744438e-18
6.91034164192424e-18
1.65197329408594e-17
3.90958592298507e-17
9.15973141516503e-17
2.12451084959093e-16
4.878197780492e-16
1.10887882973017e-15
2.49535889608802e-15
5.55912166388101e-15
1.22603700255941e-14
2.6768572587427e-14
5.78590216902469e-14
1.23805858429461e-13
2.62262104821638e-13
5.49989155053903e-13
1.14181816143116e-12
2.34673474810329e-12
4.77480124496953e-12
9.61769122185134e-12
1.91783216528847e-11
3.7859476416837e-11
7.39882654143149e-11
1.43144717256904e-10
2.74165018589428e-10
5.19843950525358e-10
9.75794092453445e-10
1.81329144090415e-09
3.33580976470976e-09
6.0751803714887e-09
1.09532074861351e-08
1.95500417629025e-08
3.45444515026014e-08
6.04272945089095e-08
1.04643494920294e-07
1.79397157995119e-07
3.0446902632376e-07
5.11558040359526e-07
8.50885158641654e-07
1.4011067302403e-06
2.2839980392681e-06
3.68590783175154e-06
5.88867319268913e-06
9.31353757586903e-06
1.45826390564601e-05
2.26038188823331e-05
3.46858025911231e-05
5.26921493705931e-05
7.92436219625597e-05
0.000117979610386553
0.000173889690598867
0.000253725985955408
0.000366505334197104
0.000524106912655176
0.000741965501529389
0.00103985258233858
0.00144272671440676
0.0019816210609571
0.00269451981784514
0.00362715731413456
0.00483365487702071
0.00637689288729132
0.00832850101128629
0.0107683410128681
0.013783356683556
0.0174656770835348
0.0219098848372428
0.0272094021964354
0.0334520041957983
0.0407145390137355
0.0490570171759731
0.0585163180055283
0.0690998463368634
0.0807795461381609
0.0934867307873737
0.107108213084626
0.121484203869885
0.136408391211024
0.151630511104395
0.16686157853614
0.181781772429421
0.196050771839366
0.209320139837801
0.221247164213057
0.231509409171024
0.239819126755461
0.245936634045666
0.249681790145803
0.250942806614248
0.249681790145803
0.245936634045666
0.239819126755461
0.231509409171024
0.221247164213057
0.209320139837801
0.196050771839366
0.181781772429421
0.16686157853614
0.151630511104395
0.136408391211024
0.121484203869885
0.107108213084625
0.0934867307873735
0.0807795461381608
0.0690998463368632
0.0585163180055281
0.0490570171759731
0.0407145390137354
0.0334520041957982
0.0272094021964354
0.0219098848372427
0.0174656770835347
0.013783356683556
0.0107683410128681
0.00832850101128622
0.00637689288729129
0.00483365487702069
0.00362715731413454
0.00269451981784513
0.00198162106095709
0.00144272671440675
0.00103985258233858
0.000741965501529384
0.000524106912655174
0.0003665053341971
0.000253725985955407
0.000173889690598865
0.000117979610386551
7.92436219625591e-05
5.26921493705928e-05
3.46858025911229e-05
2.26038188823329e-05
