1.71132682177645e-20
5.14288913241717e-20
1.52429972350021e-19
4.45576813418555e-19
1.28458781861835e-18
3.65253191382009e-18
1.02426714629902e-17
2.83283624278352e-17
7.7271385801479e-17
2.0787627967593e-16
5.51544012283916e-16
1.44325947138304e-15
3.72475457326297e-15
9.48068924366388e-15
2.37996825788502e-14
5.89238915844392e-14
1.43880083913066e-13
3.46496575549437e-13
8.22974189514968e-13
1.92780226716274e-12
4.4537697599071e-12
1.01480369859301e-11
2.2804750458423e-11
5.0542603716154e-11
1.10478788027423e-10
2.381711728801e-10
5.06393932163536e-10
1.06188330930869e-09
2.19611005202752e-09
4.47940580726844e-09
9.01105667745483e-09
1.78780454752777e-08
3.49827025729052e-08
6.75111772791201e-08
1.28495230820265e-07
2.41205574201581e-07
4.46556766963638e-07
8.15370535298387e-07
1.46832554953502e-06
2.60782654559718e-06
4.56797850362209e-06
7.89147899594767e-06
1.34456487617246e-05
2.25940519466221e-05
3.74451424842229e-05
6.12048525142234e-05
9.86654787948568e-05
0.000156867726898513
0.000245975007693831
0.00038039724763681
0.000580193358043438
0.000872764641555525
0.00129482339460322
0.00189457994375458
0.00273403668236986
0.00389121065583011
0.00546203088637736
0.00756158022924215
0.0103242849116997
0.0139026119585844
0.0184638313703309
0.0241844520924027
0.0312420615805181
0.0398044950695921
0.0500165299494913
0.0619846281818846
0.0757606071733129
0.0913254659110456
0.108574878021658
0.127308032830236
0.147221510225561
0.167909679723844
0.188872705630821
0.209532634675751
0.229257287543842
0.247390848046356
0.263289241060153
0.276357719131627
0.286087636857401
0.292089257560307
0.294117647058824
0.292089257560307
0.286087636857401
0.276357719131627
0.263289241060153
0.247390848046355
0.229257287543842
0.20953263467575
0.18887270563082
0.167909679723843
0.147221510225561
0.127308032830236
0.108574878021658
0.0913254659110453
0.0757606071733127
0.0619846281818844
0.0500165299494913
0.0398044950695918
0.031242061580518
0.0241844520924027
0.0184638313703308
0.0139026119585844
0.0103242849116997
0.00756158022924212
0.00546203088637733
0.0038912106558301
0.00273403668236984
0.00189457994375457
0.00129482339460322
0.000872764641555522
0.000580193358043432
0.000380397247636808
0.00024597500769383
0.000156867726898513
9.86654787948559e-05
6.12048525142228e-05
3.74451424842227e-05
2.25940519466219e-05
1.34456487617245e-05
7.89147899594757e-06
4.56797850362202e-06
2.60782654559717e-06
1.468325549535e-06
8.15370535298381e-07
4.46556766963634e-07
2.4120557420158e-07
1.28495230820264e-07
6.75111772791195e-08
3.49827025729051e-08
1.78780454752775e-08
9.0110566774547e-09
4.4794058072684e-09
2.19611005202749e-09
1.06188330930868e-09
5.06393932163532e-10
2.38171172880095e-10
1.10478788027423e-10
5.05426037161536e-11
2.28047504584226e-11
1.01480369859301e-11
4.45376975990707e-12
1.92780226716274e-12
8.22974189514962e-13
3.46496575549429e-13
1.43880083913066e-13
5.89238915844386e-14
2.37996825788497e-14
9.48068924366388e-15
3.72475457326294e-15
1.44325947138303e-15
5.51544012283908e-16
