1.68512689465897e-15
5.30711828030254e-15
1.6378222310759e-14
4.95286618497257e-14
1.46766948667386e-13
4.26168919886737e-13
1.21259876166901e-12
3.38091540968727e-12
9.23705069849158e-12
2.47294346365697e-11
6.48749275619982e-11
1.66771341473608e-10
4.20095274447944e-10
1.03694568412861e-09
2.50810698899724e-09
5.94453579236246e-09
1.38061208998716e-08
3.14200763459491e-08
7.00687932050716e-08
1.53117164266753e-07
3.27872471917781e-07
6.87967417770462e-07
1.41453150256663e-06
2.84996295768428e-06
5.62662076494558e-06
1.08852375682449e-05
2.0635263410755e-05
3.8332218952412e-05
6.97749832970636e-05
0.000124456436007519
0.000217528826548756
0.000372561618746433
0.00062526086149781
0.00102826775070776
0.0016570401213742
0.0026166261090786
0.00404885435843389
0.0061390967453746
0.00912133985989835
0.0132798948424191
0.0189457792294147
0.0264857421327348
0.0362822038015461
0.0487031452071031
0.0640622512525463
0.0825713190338979
0.104288899847989
0.129071033571428
0.156531348788256
0.186018314543573
0.216616692607326
0.247178091130929
0.276382070114106
0.302824908522949
0.325128590993852
0.342058641928671
0.352636944831534
0.356235249939548
0.352636944831534
0.342058641928671
0.325128590993851
0.302824908522949
0.276382070114106
0.247178091130929
0.216616692607325
0.186018314543573
0.156531348788256
0.129071033571427
0.104288899847989
0.0825713190338978
0.0640622512525462
0.0487031452071029
0.0362822038015461
0.0264857421327347
0.0189457792294147
0.0132798948424191
0.00912133985989836
0.0061390967453746
0.00404885435843388
0.0026166261090786
0.0016570401213742
0.00102826775070776
0.00062526086149781
0.000372561618746435
0.000217528826548755
0.000124456436007518
6.9774983297064e-05
3.8332218952412e-05
2.0635263410755e-05
1.0885237568245e-05
5.62662076494558e-06
2.84996295768426e-06
1.41453150256664e-06
6.8796741777046e-07
3.27872471917779e-07
1.53117164266753e-07
7.00687932050726e-08
3.14200763459489e-08
1.38061208998716e-08
5.94453579236257e-09
2.50810698899726e-09
1.03694568412861e-09
4.20095274447947e-10
1.66771341473608e-10
6.48749275619982e-11
2.47294346365699e-11
9.23705069849158e-12
3.38091540968727e-12
1.21259876166901e-12
4.26168919886744e-13
1.46766948667385e-13
4.95286618497257e-14
1.63782223107593e-14
5.30711828030259e-15
1.68512689465897e-15
5.24310181176492e-16
1.59854847302465e-16
4.77578939555567e-17
1.39812615975741e-17
4.01078511446646e-18
1.12744214484615e-18
3.10556750423285e-19
8.38242198744791e-20
2.2170725491971e-20
5.7460860726751e-21
1.45930539314543e-21
3.63163410345532e-22
8.85604514907313e-23
2.11621308835861e-23
4.95519566578729e-24
1.13695704780999e-24
2.55628426079372e-25
5.63191474502315e-26
1.21586354052136e-26
2.57214494017717e-27
5.33197220783824e-28
1.0830840359475e-28
2.15584865951402e-29
4.20490534072944e-30
8.03666776361262e-31
1.50514258784068e-31
2.76223810126356e-32
4.96736893085489e-33
8.75333520140417e-34
1.51148047262945e-34
2.55748655758914e-35
4.24039209849528e-36
6.88938589237457e-37
1.09682374568213e-37
1.71109851670077e-38
2.61574270878788e-39
