5.13687749354838e-17
1.58843491176635e-16
4.82523920799087e-16
1.43995023028281e-15
4.2213885163647e-15
1.21574467590754e-14
3.4396055221849e-14
9.55991669629366e-14
2.61023006432007e-13
7.00136430910746e-13
1.84487002390034e-12
4.77560151807971e-12
1.21442192139492e-11
3.03382358816267e-11
7.4454381206772e-11
1.79502045792882e-10
4.25135876508681e-10
9.89157204233956e-10
2.26090383288278e-09
5.07665991490423e-09
1.11983299927076e-08
2.42665289825581e-08
5.16584378567629e-08
1.08032415548334e-07
2.21945382328577e-07
4.47937425877173e-07
8.88112116837965e-07
1.72980620223843e-06
3.30983476861703e-06
6.22148970450687e-06
1.14884560991362e-05
2.08405012582735e-05
3.71393125876497e-05
6.50187732270992e-05
0.000111820875967504
0.000188923602495549
0.000313565848289301
0.000511270226441488
0.000818938820163097
0.00128864004649093
0.00199200763166865
0.00302502927188386
0.00451281337888412
0.00661369824812343
0.00952183359485013
0.0134671596247211
0.0187115876113779
0.0255402107268312
0.0342466049674981
0.0451117610788709
0.0583769294483837
0.0742116219596304
0.0926791001510648
0.113702732698864
0.137037430169063
0.162250751986657
0.188718049839066
0.215635058488117
0.242049679024564
0.266912467638936
0.28914282439447
0.307705448795545
0.321689705929894
0.330383500162762
0.333333333333333
0.330383500162762
0.321689705929894
0.307705448795545
0.28914282439447
0.266912467638936
0.242049679024564
0.215635058488117
0.188718049839066
0.162250751986657
0.137037430169063
0.113702732698864
0.0926791001510648
0.0742116219596303
0.0583769294483836
0.0451117610788709
0.0342466049674981
0.0255402107268311
0.0187115876113779
0.0134671596247211
0.00952183359485008
0.00661369824812342
0.00451281337888413
0.00302502927188385
0.00199200763166864
0.00128864004649094
0.000818938820163095
0.000511270226441486
0.000313565848289301
0.000188923602495549
0.000111820875967503
6.50187732270992e-05
3.71393125876499e-05
2.08405012582732e-05
1.14884560991361e-05
6.22148970450688e-06
3.30983476861703e-06
1.72980620223842e-06
8.88112116837965e-07
4.47937425877173e-07
2.21945382328576e-07
1.08032415548334e-07
5.16584378567629e-08
2.42665289825577e-08
1.11983299927076e-08
5.07665991490426e-09
2.26090383288275e-09
9.89157204233956e-10
4.25135876508684e-10
1.79502045792882e-10
7.4454381206772e-11
3.03382358816267e-11
1.21442192139492e-11
4.77560151807966e-12
1.84487002390034e-12
7.00136430910746e-13
2.61023006432004e-13
9.55991669629366e-14
3.43960552218486e-14
1.21574467590754e-14
4.2213885163647e-15
1.43995023028282e-15
4.82523920799087e-16
1.58843491176635e-16
5.13687749354838e-17
1.63195508819536e-17
5.09326656095761e-18
1.56157849117849e-18
4.70338402989552e-19
1.39167001861682e-19
4.04521222708596e-20
1.15511589660876e-20
3.24032834010026e-21
8.92959345692706e-22
2.41742808842236e-22
6.42916615987968e-23
1.67971246666527e-23
4.31116306752885e-24
1.08700906023701e-24
2.6924713265868e-25
6.55161274721225e-26
1.56611828696598e-26
3.67773227745841e-27
8.48427762568682e-28
1.92277665374925e-28
4.2807712242254e-29
9.36255552061057e-30
