8.93187352727889e-14
2.894460266304e-13
9.1551247882826e-13
2.82639328975197e-12
8.51672388162283e-12
2.50486422570284e-11
7.19063860507451e-11
2.01475565215454e-10
5.50996642492759e-10
1.47077815590804e-09
3.83192533787829e-09
9.74447745242219e-09
2.41864272525532e-08
5.85944570980864e-08
1.38552063390136e-07
3.19772498353537e-07
7.2034553919078e-07
1.5838435527749e-06
3.39903267899032e-06
7.11983694627208e-06
1.45564812258033e-05
2.9047877891346e-05
5.6577540589374e-05
0.000107558656380491
0.000199580598588088
0.000361462228849624
0.000638968093577225
0.00110247073944341
0.00185663537047496
0.00305181228506272
0.00489621706161942
0.00766717114941067
0.01171875033123
0.0174823211696207
0.0254559046826758
0.0361784225408473
0.0501859750395509
0.0679495765650675
0.0897971994053752
0.115827178809435
0.145824270877999
0.179192899908284
0.214923265662412
0.251604099421644
0.287490596373285
0.320627835812903
0.349020111066667
0.370826984946775
0.384559776478037
0.389249472080761
0.384559776478037
0.370826984946775
0.349020111066667
0.320627835812903
0.287490596373285
0.251604099421644
0.214923265662412
0.179192899908284
0.145824270877999
0.115827178809435
0.0897971994053751
0.0679495765650677
0.0501859750395509
0.0361784225408472
0.0254559046826758
0.0174823211696207
0.01171875033123
0.00766717114941067
0.00489621706161941
0.00305181228506272
0.00185663537047496
0.0011024707394434
0.000638968093577226
0.000361462228849623
0.000199580598588089
0.000107558656380491
5.65775405893744e-05
2.90478778913461e-05
1.45564812258033e-05
7.11983694627213e-06
3.39903267899032e-06
1.58384355277489e-06
7.20345539190785e-07
3.19772498353541e-07
1.38552063390135e-07
5.85944570980866e-08
2.41864272525536e-08
9.74447745242229e-09
3.83192533787829e-09
1.47077815590806e-09
5.50996642492759e-10
2.01475565215454e-10
7.19063860507456e-11
2.50486422570284e-11
8.51672388162283e-12
2.826393289752e-12
9.15512478828277e-13
2.894460266304e-13
8.93187352727889e-14
2.69022860794827e-14
7.9087428951208e-15
2.26932854966076e-15
6.35563496143587e-16
1.73736937875176e-16
4.6355047358657e-17
1.20718420484488e-17
3.06846877728589e-18
7.61274918843387e-19
1.84345688055856e-19
4.35708562402065e-20
1.00514994796264e-20
2.26327467192677e-21
4.97410926446473e-22
1.06700149438614e-22
2.23401653518788e-23
4.56540581592396e-24
9.10634376983716e-25
1.77288409348474e-25
3.36890135649644e-26
6.24838663724184e-27
1.1311472501303e-27
1.99867436430875e-28
3.44696274101655e-29
5.8023348073882e-30
9.53324226491764e-31
1.52879806184076e-31
2.39293700678016e-32
3.65581371414666e-33
5.45140562789542e-34
7.93422637949501e-35
1.12712563137585e-35
1.56282990609004e-36
2.11506027991344e-37
2.79386511214937e-38
3.60213320348733e-39
4.53300033907786e-40
5.56779688168987e-41
6.67502142865853e-42
7.81076540387489e-43
8.92084867857099e-44
9.94467054901206e-45
1.0820473773293e-45
1.14914227566658e-46
1.19116788661714e-47
1.20515747766002e-48
1.19010771888854e-49
1.14709765807861e-50
1.07916080432702e-51
9.90931381399647e-53
8.88122044482851e-54
7.76914750132846e-55
