7.52420313875e-25
2.21251660456234e-24
6.43583299527405e-24
1.85189003178865e-23
5.27130108394771e-23
1.48426912056204e-22
4.13427805819778e-22
1.13914475142183e-21
3.10491950241508e-21
8.37170618158358e-21
2.23290276177002e-20
5.89139097073162e-20
1.5376520779632e-19
3.97000007423567e-19
1.01394675821382e-18
2.56172194051939e-18
6.40237378358028e-18
1.5828591238277e-17
3.871111700372e-17
9.36529243287585e-17
2.24129583159379e-16
5.30602417960519e-16
1.24260033622213e-15
2.87863041390686e-15
6.59678838979661e-15
1.49544827931674e-14
3.35353190402547e-14
7.43919063747722e-14
1.63245468497273e-13
3.543633362614e-13
7.60936873716493e-13
1.61636961736387e-12
3.39644767184182e-12
7.05994598135207e-12
1.45167711021345e-11
2.95277857256694e-11
5.94133352851517e-11
1.18257634113927e-10
2.32844851750523e-10
4.53519844038824e-10
8.73812292594612e-10
1.66545232844609e-09
3.14006373265147e-09
5.85648345114431e-09
1.08050698491663e-08
1.97201601575414e-08
3.560291008863e-08
6.35847192451884e-08
1.12334257549571e-07
1.96319699785308e-07
3.39396800560895e-07
5.80421922614693e-07
9.81910878664124e-07
1.64320798463821e-06
2.72022734634807e-06
4.45461390793019e-06
7.21617631334079e-06
1.15636890184078e-05
1.83306503007367e-05
2.87442870808626e-05
4.45879403851493e-05
6.84188046996486e-05
0.000103854604029409
0.000155943840842429
0.000231634316114768
0.000340353149211924
0.000494707902558178
0.00071131197999217
0.00101172760340841
0.00142350591456817
0.0019812859209126
0.00272789237368149
0.00371534810438299
0.00500569045951195
0.00667145668628907
0.00879568265804863
0.0114712470717653
0.0147993934572091
0.0188872791825191
0.023844437627237
0.0297780989627561
0.0367873966066958
0.0449565877929484
0.0543475321242806
0.0649917925887128
0.0768828376633377
0.0899689171870403
0.104147244414653
0.119260128899017
0.135093659387584
0.151379427400292
0.167799611563412
0.183995518357803
0.199579412260368
0.21414918925428
0.227305178753983
0.238668128240693
0.247897258873288
0.254707200625741
0.258882635754913
0.260289603147677
0.258882635754913
0.254707200625741
0.247897258873288
0.238668128240693
0.227305178753983
0.214149189254279
0.199579412260367
0.183995518357803
0.167799611563412
0.151379427400291
0.135093659387584
0.119260128899017
0.104147244414653
0.0899689171870403
0.0768828376633377
0.0649917925887126
0.0543475321242806
0.0449565877929484
0.0367873966066957
0.029778098962756
0.023844437627237
0.018887279182519
0.0147993934572091
0.0114712470717653
0.00879568265804863
0.00667145668628907
0.00500569045951192
0.00371534810438299
0.00272789237368148
0.00198128592091259
0.00142350591456817
0.0010117276034084
0.000711311979992165
0.000494707902558178
0.000340353149211921
0.000231634316114768
0.000155943840842427
0.000103854604029408
6.84188046996486e-05
4.45879403851491e-05
2.87442870808626e-05
1.83306503007366e-05
1.15636890184077e-05
7.21617631334079e-06
4.45461390793016e-06
2.72022734634806e-06
1.64320798463821e-06
9.81910878664113e-07
5.80421922614693e-07
3.39396800560893e-07
