1.03672896715661e-20
3.11131865723478e-20
9.21074625834894e-20
2.68977658404074e-19
7.74833989807941e-19
2.20177118689359e-18
6.17172788534193e-18
1.70652407720573e-17
4.65467256454863e-17
1.25238228661795e-16
3.32395979594439e-16
8.7025328869632e-16
2.24753596054448e-15
5.72583317209769e-15
1.43893705474071e-14
3.56710561173362e-14
8.7229062344048e-14
2.10415392032457e-13
5.00685336139681e-13
1.17523117629217e-12
2.7211519936172e-12
6.21517501251987e-12
1.40031257658463e-11
3.11220131139685e-11
6.82309531999826e-11
1.47559189368935e-10
3.1479088462211e-10
6.62443892551657e-10
1.3751406426136e-09
2.81589333930991e-09
5.68795757204066e-09
1.13335916517496e-08
2.22766478144574e-08
4.31919868099476e-08
8.26090427854848e-08
1.55855833860311e-07
2.90061174591721e-07
5.32509309481734e-07
9.64352638522939e-07
1.72272361324579e-06
3.03575280674229e-06
5.2770142742076e-06
9.04859598740222e-06
1.530541788409e-05
2.55376100192393e-05
4.20326115992242e-05
6.82438569436568e-05
0.000109297900123673
0.000172675665134796
0.000269104848151106
0.000413697571573707
0.000627358066133292
0.000938467129981299
0.00138482122340023
0.00201576277446837
0.00289438431314432
0.00409962408455199
0.00572799910021657
0.00789465055524584
0.0107333167698148
0.014394813657841
0.0190436071064181
0.024852120089644
0.0319925413028226
0.0406260969110967
0.0508900088176817
0.0628826763122739
0.0766479552003888
0.0921597301755161
0.109308234769068
0.127889718758635
0.147601050633239
0.168040641362137
0.188716675452632
0.209063053352388
0.228462731988077
0.246277370408809
0.26188143674832
0.274698309695751
0.284235503622744
0.290116030560619
0.292103118918493
0.290116030560619
0.284235503622744
0.27469830969575
0.26188143674832
0.246277370408809
0.228462731988077
0.209063053352388
0.188716675452632
0.168040641362136
0.147601050633239
0.127889718758635
0.109308234769068
0.0921597301755156
0.0766479552003886
0.0628826763122739
0.0508900088176813
0.0406260969110965
0.0319925413028225
0.0248521200896439
0.019043607106418
0.0143948136578409
0.0107333167698147
0.00789465055524576
0.00572799910021654
0.00409962408455196
0.00289438431314429
0.00201576277446836
0.00138482122340022
0.00093846712998129
0.000627358066133287
0.000413697571573705
0.000269104848151104
0.000172675665134794
0.000109297900123673
6.82438569436561e-05
4.20326115992236e-05
2.55376100192391e-05
1.53054178840898e-05
9.04859598740206e-06
5.27701427420756e-06
3.03575280674226e-06
1.72272361324577e-06
9.64352638522931e-07
5.32509309481732e-07
2.90061174591718e-07
1.5585583386031e-07
8.26090427854839e-08
4.31919868099471e-08
2.22766478144571e-08
1.13335916517495e-08
5.68795757204058e-09
2.81589333930985e-09
1.37514064261358e-09
6.6244389255164e-10
3.14790884622105e-10
1.47559189368932e-10
6.82309531999816e-11
3.11220131139683e-11
1.40031257658462e-11
6.21517501251982e-12
2.72115199361716e-12
1.17523117629214e-12
5.00685336139672e-13
2.10415392032452e-13
8.72290623440461e-14
3.56710561173359e-14
1.43893705474068e-14
5.72583317209763e-15
2.24753596054445e-15
