3.17426962420282e-11
1.10556412065403e-10
3.72114320707886e-10
1.2103783797933e-09
3.80468106032091e-09
1.15576005602557e-08
3.39288727228103e-08
9.62550459613556e-08
2.63894237121334e-07
6.99179413009972e-07
1.79019229500712e-06
4.42958520922406e-06
1.05920192779252e-05
2.4476357627454e-05
5.46596873328237e-05
0.000117961373716858
0.000246016834012933
0.000495840679972247
0.000965765771321645
0.00181783218780288
0.00330664898007398
0.00581265738739968
0.00987446742674047
0.0162108192391268
0.0257186738019153
0.0394316093521009
0.0584241981350191
0.0836552774093094
0.115756730645604
0.154793060292709
0.200036407285821
0.249815240998058
0.301495712851138
0.351637899143683
0.396335101835481
0.431699677554696
0.45441560414417
0.462250163521024
0.45441560414417
0.431699677554696
0.396335101835481
0.351637899143683
0.301495712851138
0.249815240998057
0.200036407285821
0.154793060292709
0.115756730645604
0.0836552774093093
0.0584241981350191
0.0394316093521009
0.0257186738019153
0.0162108192391268
0.00987446742674047
0.00581265738739968
0.00330664898007398
0.00181783218780287
0.000965765771321643
0.000495840679972247
0.000246016834012932
0.000117961373716858
5.46596873328234e-05
2.44763576274541e-05
1.05920192779252e-05
4.42958520922402e-06
1.79019229500712e-06
6.99179413009969e-07
2.63894237121335e-07
9.62550459613556e-08
3.39288727228101e-08
1.15576005602558e-08
3.80468106032089e-09
1.2103783797933e-09
3.72114320707886e-10
1.10556412065402e-10
3.17426962420282e-11
8.8075682228935e-12
2.36167723866578e-12
6.11980237006919e-13
1.53252150125893e-13
3.70875445229331e-14
8.67365033811537e-15
1.96032494139775e-15
4.28160447874269e-16
9.03727196423919e-17
1.84340382076898e-17
3.63375749069886e-18
6.92219329244611e-19
1.27433564094053e-19
2.26712915886829e-20
3.89781319127741e-21
6.4761679766329e-22
1.03984238080632e-22
1.61350103584586e-23
2.41948708668745e-24
3.50614355584866e-25
4.91007815211233e-26
6.6450681743004e-27
8.69086097076453e-28
1.0984454379685e-28
1.3416724496092e-29
1.58367783973743e-30
1.80650639348767e-31
1.99142746089962e-32
2.12149398903532e-33
2.18409459962241e-34
2.17296839572125e-35
2.08923695958166e-36
1.94121802719707e-37
1.74306369270349e-38
1.51253183164697e-39
1.26837629014453e-40
1.02788382603518e-41
8.04993317322317e-43
6.09246219745429e-44
4.45600568904529e-45
3.14956775491901e-46
2.15133726389404e-47
1.42009817569974e-48
9.05900636126978e-50
5.58463874617943e-51
3.32706994427436e-52
1.91549535142508e-53
1.06574327063811e-54
5.73028762241818e-56
2.97750547513057e-57
1.49513718118289e-58
7.25540800824068e-60
3.40247516384817e-61
1.5419859369769e-62
6.75333335184466e-64
2.85830314694996e-65
1.16909744888223e-66
4.62110103112689e-68
1.76519439505674e-69
6.51616302757515e-71
2.32457556495346e-72
8.01397015527149e-74
2.66995596406776e-75
8.59632451138387e-77
2.67469231798086e-78
8.04242805212011e-80
2.33696852808371e-81
6.56252345497354e-83
1.78090682737655e-84
4.67050514124557e-86
1.18369233547747e-87
2.89911966608312e-89
6.86192194828353e-91
1.56955930907729e-92
3.46946102998881e-94
7.41137216004664e-96
