2.39838076918141e-13
7.84210431555454e-13
2.49966764675693e-12
7.76724663789702e-12
2.35281128652224e-11
6.94771933910871e-11
2.00001204061017e-10
5.61252290767028e-10
1.53539038067351e-09
4.09463011864245e-09
1.06450010911236e-08
2.69781345539597e-08
6.66520167715589e-08
1.60527649221271e-07
3.76896035585051e-07
8.62637761341164e-07
1.92473318158429e-06
4.18646798258943e-06
8.87687669453009e-06
1.83488044763839e-05
3.69734971929691e-05
7.26287318878774e-05
0.000139079001561353
0.00025962699073257
0.000472468966087899
0.000838169604646229
0.00144952496706697
0.00244373813004267
0.00401623209818576
0.00643454900378566
0.0100496883725885
0.0153010857805096
0.0227105199379588
0.032859963509278
0.0463492006868666
0.0637312730167417
0.08542758131387
0.11162945384006
0.14219838427803
0.17658170101478
0.213762688420367
0.25226284070788
0.290208302947508
0.325462950783012
0.35581844229703
0.379219379264121
0.39399232729545
0.399043442233811
0.39399232729545
0.379219379264121
0.35581844229703
0.325462950783012
0.290208302947508
0.25226284070788
0.213762688420367
0.17658170101478
0.14219838427803
0.11162945384006
0.0854275813138698
0.0637312730167418
0.0463492006868665
0.0328599635092781
0.0227105199379588
0.0153010857805095
0.0100496883725885
0.00643454900378565
0.00401623209818577
0.00244373813004267
0.00144952496706696
0.00083816960464623
0.000472468966087899
0.000259626990732569
0.000139079001561354
7.26287318878771e-05
3.69734971929693e-05
1.83488044763839e-05
8.87687669453018e-06
4.18646798258944e-06
1.92473318158428e-06
8.6263776134117e-07
3.76896035585053e-07
1.60527649221271e-07
6.66520167715591e-08
2.69781345539601e-08
1.06450010911236e-08
4.09463011864247e-09
1.53539038067354e-09
5.61252290767038e-10
2.00001204061017e-10
6.94771933910888e-11
2.35281128652225e-11
7.76724663789702e-12
2.49966764675698e-12
7.84210431555462e-13
2.39838076918141e-13
7.15053972834676e-14
2.07823515532329e-14
5.88824297499519e-15
1.62634219804774e-15
4.3789835228786e-16
1.14939648298773e-16
2.94104445590454e-17
7.33615480271315e-18
1.78390021208867e-18
4.2287089969148e-19
9.77192701840342e-20
2.20134343233663e-20
4.83426621033758e-21
1.03492408612128e-21
2.15984009613138e-22
4.39409939569106e-23
8.71471775709866e-24
1.68489153474578e-24
3.17559963121658e-25
5.83464866229894e-26
1.04505428232787e-26
1.82472810420281e-27
3.10593702108918e-28
5.15373758975504e-29
8.33656481698465e-30
1.31458033933469e-30
2.0207952238889e-31
3.02825646604939e-32
4.42382737866027e-33
6.29997554204803e-34
8.74610581136657e-35
1.18365670719866e-35
1.56160780877966e-36
2.00841452272534e-37
2.51808222033114e-38
3.07766703280396e-39
3.66697991208712e-40
4.25922518381956e-41
4.82267332452654e-42
5.32329164828327e-43
5.72806382847462e-44
6.00856286363954e-45
6.14424524784338e-46
6.12493730590312e-47
5.95209597670218e-48
5.63862711991216e-49
5.20729280378554e-50
4.68798046954933e-51
4.11428868485632e-52
3.51996950767245e-53
2.93574421537284e-54
2.38689161442985e-55
1.89183108022599e-56
1.46173008577938e-57
1.10099966809295e-58
8.08429890798809e-60
