7.69419970008041e-20
2.32233885982869e-19
6.90901799913118e-19
2.02598235406794e-18
5.85576436249464e-18
1.66824612858178e-17
4.68452173834478e-17
1.29657902331492e-16
3.53721390118024e-16
9.51157101285248e-16
2.52099384744384e-15
6.58597255218305e-15
1.69588596722323e-14
4.30429448192478e-14
1.07680212901162e-13
2.65520730568753e-13
6.45341453163905e-13
1.54599929148421e-12
3.65054425723192e-12
8.4963920697907e-12
1.94912670322295e-11
4.4073160744848e-11
9.82283667360164e-11
2.15788476133705e-10
4.67248776404626e-10
9.97233127183672e-10
2.09784704629311e-09
4.34990271308025e-09
8.89024780828204e-09
1.79092248512419e-08
3.55605370271435e-08
6.95966655157807e-08
1.34257066399682e-07
2.55278637864361e-07
4.78432191774802e-07
8.8380186457903e-07
1.60922967502833e-06
2.88808353914103e-06
5.10893137878577e-06
8.90797495186336e-06
1.53093412759929e-05
2.59335888496781e-05
4.33009413234796e-05
7.12624342842536e-05
0.000115598598542287
0.000184830264040188
0.000291287734924479
0.000452480546681317
0.000692797363202328
0.00104554117149391
0.00155526590682436
0.00228032508132141
0.0032954708604958
0.00469425618462599
0.00659089962915685
0.00912118382265024
0.0124418888780584
0.0167282314100105
0.0221688077238851
0.0289576453668061
0.0372831633133905
0.0473141302210259
0.0591830806884779
0.0729680725718977
0.0886740982831134
0.106215839655728
0.125403711987417
0.145935213149496
0.167393427191618
0.189254103588031
0.210902053568485
0.23165672457881
0.250805822239438
0.267644865392557
0.281519717312046
0.291868562322299
0.298259592094365
0.300420884063055
0.298259592094365
0.291868562322299
0.281519717312046
0.267644865392556
0.250805822239438
0.23165672457881
0.210902053568485
0.189254103588031
0.167393427191618
0.145935213149496
0.125403711987417
0.106215839655728
0.0886740982831134
0.0729680725718975
0.0591830806884779
0.0473141302210259
0.0372831633133904
0.0289576453668061
0.0221688077238851
0.0167282314100105
0.0124418888780584
0.00912118382265026
0.00659089962915684
0.00469425618462599
0.00329547086049581
0.00228032508132141
0.00155526590682435
0.00104554117149391
0.000692797363202328
0.000452480546681314
0.000291287734924478
0.000184830264040189
0.000115598598542286
7.12624342842534e-05
4.33009413234796e-05
2.5933588849678e-05
1.53093412759928e-05
8.90797495186336e-06
5.10893137878577e-06
2.88808353914102e-06
1.60922967502833e-06
8.8380186457903e-07
4.78432191774796e-07
2.55278637864361e-07
1.34257066399681e-07
6.95966655157807e-08
3.55605370271435e-08
1.79092248512419e-08
8.89024780828204e-09
4.34990271308022e-09
2.09784704629311e-09
9.97233127183672e-10
4.67248776404621e-10
2.15788476133705e-10
9.82283667360164e-11
4.40731607448474e-11
1.94912670322295e-11
8.4963920697907e-12
3.65054425723192e-12
1.54599929148421e-12
6.45341453163898e-13
2.65520730568753e-13
1.07680212901161e-13
4.30429448192478e-14
1.69588596722323e-14
6.58597255218298e-15
2.52099384744384e-15
9.51157101285248e-16
3.53721390118016e-16
1.29657902331492e-16
4.68452173834478e-17
1.66824612858178e-17
5.85576436249464e-18
