4.55893468959542e-12
1.54118098409509e-11
5.05571314730834e-11
1.60934709224391e-10
4.97113464502516e-10
1.49004657932153e-09
4.33393781004484e-09
1.22321843379511e-08
3.35014705755643e-08
8.90353021688181e-08
2.29614396664161e-07
5.74611751987785e-07
1.39536686300793e-06
3.28806820988293e-06
7.5185093324918e-06
1.66825017793103e-05
3.59194045322273e-05
7.50473892712799e-05
0.000152153014410355
0.00029933951101794
0.000571460268234704
0.00105863573140035
0.00190302970686097
0.00331957969219462
0.0056190014245356
0.00922940485623732
0.0147104772895133
0.0227519352167732
0.0341466759266805
0.0497298369228729
0.0702787695348982
0.096376194761113
0.128248977912174
0.165606188640065
0.207509375553879
0.252311704014247
0.297697770134005
0.340841351292241
0.378675743728886
0.408245313118877
0.427084135867143
0.43355498476206
0.427084135867143
0.408245313118877
0.378675743728886
0.340841351292241
0.297697770134005
0.252311704014247
0.207509375553879
0.165606188640065
0.128248977912174
0.0963761947611129
0.0702787695348982
0.0497298369228729
0.0341466759266804
0.0227519352167732
0.0147104772895133
0.00922940485623732
0.00561900142453558
0.00331957969219462
0.00190302970686097
0.00105863573140035
0.000571460268234704
0.000299339511017939
0.000152153014410355
7.50473892712795e-05
3.59194045322277e-05
1.66825017793103e-05
7.51850933249174e-06
3.28806820988294e-06
1.39536686300793e-06
5.74611751987781e-07
2.29614396664161e-07
8.9035302168818e-08
3.35014705755643e-08
1.22321843379511e-08
4.33393781004487e-09
1.49004657932153e-09
4.97113464502512e-10
1.60934709224392e-10
5.05571314730834e-11
1.54118098409509e-11
4.55893468959542e-12
1.30861414777586e-12
3.64500697504111e-13
9.85198241512526e-14
2.58396962466591e-14
6.57642228021598e-15
1.62416628778189e-15
3.8923313422073e-16
9.05164737313735e-17
2.04260298353427e-17
4.47279309667929e-18
9.50412561758807e-19
1.95967493784664e-19
3.92097813948052e-20
7.61278062971509e-21
1.43426936229949e-21
2.6221446117658e-22
4.65180037354854e-23
8.00799901111836e-24
1.33772075189605e-24
2.16843011218406e-25
3.41086009912279e-26
5.20620057164756e-27
7.71110108338794e-28
1.10828232928472e-28
1.54569190747509e-29
2.09186652094688e-30
2.74715723607543e-31
3.50083447577221e-32
4.32910529273842e-33
5.19473302216905e-34
6.04876660955357e-35
6.83453441612479e-36
7.49358354808911e-37
7.97275988207512e-38
8.23126013628596e-39
8.24636363153529e-40
8.01672798385243e-41
7.56258599039279e-42
6.92280367766293e-43
6.14939255086401e-44
5.30054994386289e-45
4.43351473611574e-46
3.59843691590776e-47
2.83411939727875e-48
2.16601222422523e-49
1.60635739133491e-50
1.15601098346307e-51
8.07272682808696e-53
5.47037457311098e-54
3.59709895054546e-55
2.29523002504553e-56
1.42114555185703e-57
8.53865399749632e-59
4.97827384599221e-60
2.81647993587153e-61
1.54622628800237e-62
8.23716859997033e-64
4.25815405658123e-65
2.13601007170861e-66
1.03973756329388e-67
4.91114418075929e-69
2.25102410724886e-70
1.00118911598556e-71
4.32106306860188e-73
1.8096875658854e-74
7.35453317812797e-76
2.90031475776573e-77
1.1098739679833e-78
