3.78055758800121e-16
1.18062315515653e-15
3.61705305665679e-15
1.08714282957397e-14
3.20557893939937e-14
9.27287681362759e-14
2.63154407659129e-13
7.32647295177488e-13
2.00109357025683e-12
5.36201452812508e-12
1.40953777755542e-11
3.63507685698716e-11
9.19683974839365e-11
2.2827154828361e-10
5.55844219717793e-10
1.32783021506106e-09
3.11186067143604e-09
7.15460867572895e-09
1.61376305868847e-08
3.57093379383765e-08
7.75196799303949e-08
1.65093618847685e-07
3.44934590125241e-07
7.07019434708741e-07
1.42172008898809e-06
2.80469081393601e-06
5.42805235605663e-06
1.03060253829981e-05
1.91966979450602e-05
3.50792257265793e-05
6.28871061500886e-05
0.000110601588821952
0.000190831148906836
0.000323016947017282
0.000536400896581199
0.000873859930649019
0.00139663300416521
0.00218983261301932
0.00336843120463738
0.0050831460528988
0.00752533154846923
0.010929664549238
0.0155731393948756
0.0217687580776708
0.0298524018289671
0.0401617888547309
0.0530072119757778
0.0686349022876758
0.0871852909405241
0.108649958918279
0.132832411051936
0.159318676039654
0.187463821360047
0.216399566536174
0.245066219519651
0.272269290646785
0.296757710881013
0.317317123534576
0.332868844977797
0.342563378549612
0.345857231933037
0.342563378549612
0.332868844977796
0.317317123534576
0.296757710881013
0.272269290646784
0.245066219519651
0.216399566536174
0.187463821360047
0.159318676039654
0.132832411051935
0.108649958918279
0.0871852909405241
0.0686349022876756
0.0530072119757777
0.0401617888547307
0.0298524018289671
0.0217687580776708
0.0155731393948756
0.010929664549238
0.00752533154846922
0.00508314605289877
0.00336843120463738
0.00218983261301933
0.0013966330041652
0.000873859930649016
0.0005364008965812
0.000323016947017282
0.000190831148906835
0.000110601588821952
6.28871061500883e-05
3.5079225726579e-05
1.91966979450602e-05
1.0306025382998e-05
5.42805235605658e-06
2.804690813936e-06
1.42172008898809e-06
7.07019434708733e-07
3.44934590125239e-07
1.65093618847686e-07
7.75196799303949e-08
3.57093379383763e-08
1.61376305868847e-08
7.1546086757289e-09
3.11186067143601e-09
1.32783021506106e-09
5.55844219717793e-10
2.2827154828361e-10
9.19683974839365e-11
3.63507685698718e-11
1.4095377775554e-11
5.36201452812505e-12
2.00109357025685e-12
7.32647295177488e-13
2.63154407659126e-13
9.27287681362769e-14
3.20557893939935e-14
1.08714282957395e-14
3.61705305665679e-15
1.18062315515652e-15
3.78055758800118e-16
1.18765024611094e-16
3.66023873026757e-17
1.10667068284593e-17
3.28258168388166e-18
9.55214315803302e-19
2.72693161631292e-19
7.63722904762898e-20
2.09838671509453e-20
5.65618211647257e-21
1.49571684397045e-21
3.88028413863155e-22
9.87565287891667e-23
2.46579091565852e-23
6.03997058988616e-24
1.45144820799884e-24
3.42181406419894e-25
7.91406138177992e-26
1.795686698314e-26
3.99714461121511e-27
8.72885541208422e-28
1.87004855369025e-28
3.93039871771212e-29
8.1041688344175e-30
1.63933795735611e-30
3.25324411725468e-31
6.33363388587151e-32
1.20969922301974e-32
2.26667884741822e-33
4.16668554341018e-34
7.51414555963839e-35
