3.80411491872685e-21
1.13865048507006e-20
3.36322472922304e-20
9.80279644418493e-20
2.81950407270147e-19
8.00247106820943e-19
2.24132143158221e-18
6.1945936048712e-18
1.68946866242116e-17
4.54690736179753e-17
1.20756555413565e-16
3.16471037813852e-16
8.18438161260751e-16
2.08865358376904e-15
5.25987719728722e-15
1.3071139173855e-14
3.20538291360322e-14
7.75666510482957e-14
1.85224661348063e-13
4.36466807984841e-13
1.01492109720921e-12
2.3288524995133e-12
5.27327390648397e-12
1.17827678833855e-11
2.59802280647024e-11
5.65284712721066e-11
1.21372463564171e-10
2.57159005921436e-10
5.37665232413032e-10
1.1093046023306e-09
2.2584907709997e-09
4.53747735238322e-09
8.9957891032252e-09
1.75991910152128e-08
3.3976198824807e-08
6.47270059689118e-08
1.21681594659419e-07
2.25731886604769e-07
4.13227841568643e-07
7.46474339213576e-07
1.330665312752e-06
2.34073060609803e-06
4.06314832281279e-06
6.95989301029093e-06
1.17644355698504e-05
1.9623129610239e-05
3.22993731549815e-05
5.24624490222717e-05
8.40875446463781e-05
0.000132997484578641
0.000207579197043857
0.000319707535735815
0.000485904099463962
0.000728747198090271
0.00107852912537754
0.00157512673146134
0.00227001000379964
0.00322826133807847
0.004530417681998
0.00627388345749431
0.00857360153049231
0.0115616225823334
0.0153851921925938
0.0202029927641009
0.0261792460848321
0.0334755104038705
0.0422401959481353
0.0525960689048164
0.0646262999396194
0.0783599125949627
0.0937577633981193
0.110700397203159
0.128979225412435
0.148292434320787
0.168246821863317
0.1883663787746
0.208107893443751
0.226883212164987
0.244087093512773
0.259128937674516
0.271466133903493
0.280636429374965
0.286286638308683
0.288195208852118
0.286286638308683
0.280636429374965
0.271466133903493
0.259128937674515
0.244087093512772
0.226883212164987
0.20810789344375
0.1883663787746
0.168246821863316
0.148292434320786
0.128979225412434
0.110700397203158
0.093757763398119
0.0783599125949623
0.0646262999396189
0.0525960689048162
0.0422401959481351
0.0334755104038702
0.026179246084832
0.0202029927641007
0.0153851921925936
0.0115616225823333
0.00857360153049222
0.00627388345749424
0.00453041768199795
0.00322826133807846
0.00227001000379961
0.00157512673146133
0.00107852912537753
0.000728747198090264
0.000485904099463955
0.000319707535735812
0.000207579197043854
0.000132997484578639
8.40875446463772e-05
5.2462449022271e-05
3.22993731549809e-05
1.96231296102387e-05
1.17644355698502e-05
6.95989301029088e-06
4.06314832281272e-06
2.34073060609801e-06
1.33066531275199e-06
7.46474339213562e-07
4.13227841568639e-07
2.25731886604766e-07
1.21681594659416e-07
6.47270059689111e-08
3.39761988248063e-08
1.75991910152124e-08
8.99578910322507e-09
4.53747735238311e-09
2.25849077099968e-09
1.10930460233057e-09
5.37665232413018e-10
2.57159005921429e-10
1.21372463564168e-10
5.65284712721056e-11
2.5980228064702e-11
1.17827678833852e-11
5.27327390648387e-12
2.32885249951323e-12
1.01492109720919e-12
4.36466807984831e-13
1.85224661348058e-13
7.75666510482952e-14
3.20538291360315e-14
