1.71451240555446e-12
5.72477064957877e-12
1.85804035356394e-11
5.86181058365592e-11
1.7975790943753e-10
5.35826052577949e-10
1.55252725135531e-09
4.37254439367809e-09
1.19704041116135e-08
3.18539273982696e-08
8.23942203896496e-08
2.07162002749754e-07
5.06294304894558e-07
1.20275057347537e-06
2.77733132336203e-06
6.23389382327669e-06
1.360099556395e-05
2.88444050846713e-05
5.94609799498421e-05
0.000119146730057371
0.000232066142013093
0.000439360516546774
0.000808555543639268
0.00144636625634902
0.00251493226388633
0.00425063577291804
0.00698330615694337
0.0111518741888654
0.0173106840239965
0.0261192189674486
0.0383076695566327
0.0546123503870897
0.07567903620211
0.101938891408854
0.133470045717264
0.169866329005633
0.210140800629381
0.252692907811385
0.295362470943259
0.335580843500073
0.370611250811408
0.39785024179386
0.415145411935343
0.421075960533259
0.415145411935343
0.397850241793859
0.370611250811408
0.335580843500073
0.295362470943259
0.252692907811385
0.210140800629381
0.169866329005633
0.133470045717264
0.101938891408854
0.0756790362021099
0.0546123503870896
0.0383076695566327
0.0261192189674486
0.0173106840239964
0.0111518741888654
0.00698330615694336
0.00425063577291806
0.00251493226388633
0.00144636625634902
0.000808555543639271
0.000439360516546773
0.000232066142013095
0.000119146730057371
5.94609799498418e-05
2.88444050846714e-05
1.360099556395e-05
6.23389382327666e-06
2.77733132336205e-06
1.20275057347537e-06
5.0629430489456e-07
2.07162002749754e-07
8.23942203896508e-08
3.18539273982696e-08
1.19704041116135e-08
4.37254439367814e-09
1.55252725135531e-09
5.35826052577945e-10
1.7975790943753e-10
5.86181058365598e-11
1.85804035356391e-11
5.72477064957877e-12
1.71451240555447e-12
4.99117457764586e-13
1.41235697298593e-13
3.88477424213481e-14
1.03864391646796e-14
2.69927521564965e-15
6.8187888390153e-16
1.67435254013729e-16
3.99637430718884e-17
9.27182018078321e-18
2.09094895823757e-18
4.58354449707508e-19
9.7665024057171e-20
2.02281544081176e-20
4.07242456027195e-21
7.96946972232874e-22
1.51595179359034e-22
2.80298611591033e-23
5.03774396124022e-24
8.80097575916652e-25
1.49453175686145e-25
2.46694268584436e-26
3.95815284792694e-27
6.17313324634294e-28
9.35832946710434e-29
1.37902011009216e-29
1.97525175961017e-30
2.75013431078049e-31
3.72190205888204e-32
4.89615959859761e-33
6.26074161392382e-34
7.78171971473056e-35
9.40166943032118e-36
1.10411410759902e-36
1.26038298091085e-37
1.39852646956678e-38
1.50840665594324e-39
1.58141472666717e-40
1.61158310799318e-41
1.59639082707973e-42
1.53711135152949e-43
1.43863633597489e-44
1.30880911132754e-45
1.15739388474719e-46
9.94868422069121e-48
8.31246248382388e-49
6.75108132175012e-50
5.32962398435955e-51
4.08977474977703e-52
3.05057564012048e-53
2.21178951926587e-54
1.55878200235778e-55
1.06784091958959e-56
7.11061761397497e-58
4.60243516028572e-59
2.89566037053336e-60
1.77087193536137e-61
1.05270401015779e-62
6.08282032623861e-64
3.41651466198529e-65
1.86526773662799e-66
9.89871127602321e-68
5.10617535127476e-69
2.56030899404235e-70
1.24786794276327e-71
