8.29071135333284e-11
2.9405767246157e-10
1.00539292185088e-09
3.31361249533973e-09
1.05276200592025e-08
3.22419480879141e-08
9.51864069739338e-08
2.70888882020098e-07
7.43138935084375e-07
1.96522119126047e-06
5.00974302330078e-06
1.23106801418312e-05
2.91615922901262e-05
6.65890789472836e-05
0.000146574145055065
0.00031100997574006
0.000636141687918603
0.00125428428850181
0.00238396950292413
0.00436785282462853
0.00771432417642335
0.0131337988845843
0.0215548709055496
0.0341006830690498
0.0520047865853371
0.0764515238628772
0.108340681239926
0.147999267391756
0.194890269856651
0.247390681020205
0.302718597836864
0.357073366350475
0.406011561429151
0.445022460928376
0.470205872995714
0.478913142610576
0.470205872995714
0.445022460928376
0.406011561429151
0.357073366350475
0.302718597836864
0.247390681020205
0.194890269856651
0.147999267391756
0.108340681239926
0.076451523862877
0.052004786585337
0.0341006830690498
0.0215548709055496
0.0131337988845843
0.00771432417642333
0.00436785282462852
0.00238396950292413
0.00125428428850181
0.000636141687918598
0.00031100997574006
0.000146574145055065
6.65890789472836e-05
2.9161592290126e-05
1.23106801418312e-05
5.00974302330076e-06
1.96522119126049e-06
7.43138935084369e-07
2.70888882020095e-07
9.51864069739338e-08
3.22419480879141e-08
1.05276200592025e-08
3.31361249533969e-09
1.00539292185087e-09
2.94057672461572e-10
8.29071135333284e-11
2.25327222174708e-11
5.90334436711976e-12
1.49088848844645e-12
3.62956678982212e-13
8.51779162328651e-14
1.92691171951609e-14
4.20203061900638e-15
8.83322300845397e-16
1.78995356720584e-16
3.4964467882351e-17
6.58377027799684e-18
1.19504704578851e-18
2.09101873536396e-19
3.52690233303275e-20
5.73444683193811e-21
8.98777548852875e-22
1.35792407494306e-22
1.97770425832295e-23
2.77657748074015e-24
3.75768899784363e-25
4.90223873512034e-26
6.16496576252026e-27
7.47359343956654e-28
8.73355090975471e-29
9.83818152466004e-30
1.06832008783229e-30
1.11827996845148e-31
1.12839793907948e-32
1.09758107686002e-33
1.02913778867017e-34
9.30192915359691e-36
8.10466591754845e-37
6.80706339647106e-38
5.51121128503579e-39
4.30127207500865e-40
3.23600628057221e-41
2.34684488052431e-42
1.64067288972919e-43
1.10566154918578e-44
7.18265487692855e-46
4.49790604835739e-47
2.71517826178266e-48
1.57997023000438e-49
8.86261835298754e-51
4.7922313904034e-52
2.49790604544996e-53
1.25509617612135e-54
6.07911699420927e-56
2.83835416188503e-57
1.27748337016111e-58
5.54251036506836e-60
2.31803698186317e-61
9.34537632858564e-63
3.63191617773054e-64
1.36062180514286e-65
4.91362065080255e-67
1.71052099805772e-68
5.74007785874464e-70
1.85681973964577e-71
5.79007638838241e-73
1.74044951477434e-74
5.04314151315472e-76
1.40865119268457e-77
3.79287358073884e-79
9.8445496964152e-81
2.46312204735197e-82
5.94071332181369e-84
1.38119134068223e-85
3.09550625754114e-87
6.68762809304029e-89
1.39275628993221e-90
2.79602294683076e-92
5.41089270226463e-94
1.00939163294632e-95
1.81515228520032e-97
3.1465093084064e-99
5.25784238188494e-101
8.46932293010352e-103
1.3150807181507e-104
1.96842429013311e-106
