4.06926854914333e-08
1.91180530970176e-07
8.32902245692328e-07
3.36486357283156e-06
1.26056123106114e-05
4.37908615468797e-05
0.000141067214572143
0.000421397301850971
0.00116729457720099
0.00299841846248676
0.00714211891256785
0.0157755666568933
0.0323121545420145
0.061371950284685
0.108092855498643
0.176541622235341
0.267374690065099
0.375505699581393
0.489030369630744
0.590579252057236
0.661368640486192
0.686802819743445
0.661368640486192
0.590579252057235
0.489030369630743
0.375505699581393
0.267374690065099
0.176541622235341
0.108092855498643
0.0613719502846848
0.0323121545420144
0.0157755666568933
0.00714211891256783
0.00299841846248676
0.00116729457720098
0.000421397301850971
0.000141067214572143
4.37908615468797e-05
1.26056123106113e-05
3.36486357283155e-06
8.32902245692323e-07
1.91180530970174e-07
4.06926854914327e-08
8.03178543809694e-09
1.47004592479686e-09
2.49501272401157e-10
3.92679007847698e-11
5.73093738201958e-12
7.75598033806914e-13
9.73353945433678e-14
1.1327340242663e-14
1.22238540486975e-15
1.22323929536095e-16
1.13510947791503e-17
9.76758353159026e-19
7.79398518508894e-20
5.76706804846454e-21
3.95706909680845e-22
2.51776533436375e-23
1.48552485835518e-24
8.12769981877448e-26
4.12361817559528e-27
1.9400471857682e-28
8.46387417946497e-30
3.42412146695749e-31
1.28455346240688e-32
4.46866978832327e-34
1.44154233542934e-35
4.31220696713938e-37
1.19617535540984e-38
3.07689844275035e-40
7.33929816273332e-42
1.62337539403779e-43
3.32971026045164e-45
6.33310936453285e-47
1.11699335412508e-48
1.82686833602991e-50
2.77068380248999e-52
3.89663512567394e-54
5.08177666123038e-56
6.14560248691244e-58
6.89185949327378e-60
7.16690127277864e-62
6.91113676024953e-64
6.18003038178924e-66
5.12453886494272e-68
3.94041560437342e-70
2.80965067497764e-72
1.85774320820403e-74
1.13904818186336e-76
6.47621959116478e-79
3.41447623993688e-81
1.66935876531046e-83
7.56829978926936e-86
3.18177913415338e-88
1.24040866163896e-90
4.48417557669156e-93
1.50322325473179e-95
4.67291003978643e-98
1.34702114437135e-100
3.60067947886276e-103
8.92519209570844e-106
2.05151047444748e-108
4.37273303196294e-111
8.64281557128428e-114
1.58409267649861e-116
2.69233430309897e-119
4.24326779296315e-122
6.20147440154179e-125
8.40451250477156e-128
1.05621701154222e-130
1.23088320601222e-133
1.33015910794532e-136
1.33294858123598e-139
1.23864330311064e-142
1.06733850963232e-145
8.52866698815651e-149
6.31950691345831e-152
4.34218464614849e-155
2.76666412952439e-158
1.63466080469722e-161
8.9561615220343e-165
4.55029175207662e-168
2.14377709889114e-171
9.36576095786663e-175
3.79428168027564e-178
1.42540778618064e-181
4.96560011639018e-185
1.6040851426403e-188
4.80514113389005e-192
1.33477461246881e-195
3.43821305811018e-199
8.21260038383798e-203
1.81907939536696e-206
3.73633386487672e-210
7.1164394049162e-214
1.25690627173624e-217
2.05857212997978e-221
3.12645615253339e-225
4.40313147717217e-229
5.75034660834535e-233
6.96385068123069e-237
7.82038142925582e-241
8.14384462129686e-245
7.86419149837699e-249
7.04209273022472e-253
5.84752997563446e-257
4.50262970266015e-261
3.21501545591916e-265
2.12874164396078e-269
1.30703105135228e-273
