1.52796141274201e-23
4.51765208200462e-23
1.32031597522194e-22
3.81423701374803e-22
1.08918631520885e-21
3.07440712282347e-21
8.57798496715623e-21
2.36577743772047e-20
6.44951700435942e-20
1.7379817040792e-19
4.62943414033283e-19
1.21892033273021e-18
3.1723962998946e-18
8.16139221589163e-18
2.0754188930039e-17
5.21689365697015e-17
1.29623249279754e-16
3.18360021368312e-16
7.72892064432143e-16
1.85474356508159e-15
4.3996041131721e-15
1.03159214710034e-14
2.39093162869566e-14
5.47760849693226e-14
1.24045073730191e-13
2.7767242701315e-13
6.14399272272124e-13
1.34379595858934e-12
2.90523100461561e-12
6.20858614840145e-12
1.3115035020982e-11
2.73848835985898e-11
5.65219381614632e-11
1.15315554998213e-10
2.32553801476053e-10
4.63578936095736e-10
9.13458134036326e-10
1.77917350274083e-09
3.42541076509399e-09
6.51886093077284e-09
1.22629646335343e-08
2.28025773183503e-08
4.19118759372411e-08
7.61473798727124e-08
1.36753210431875e-07
2.42764287224862e-07
4.25987414214022e-07
7.38879197022176e-07
1.26681971097061e-06
2.14694484042137e-06
3.59659604854952e-06
5.95562220712362e-06
9.74826485283924e-06
1.57721973032041e-05
2.52244545607387e-05
3.9876411457621e-05
6.2312482640177e-05
9.62495576992363e-05
0.000146955935541597
0.00022178911246102
0.000330870475637287
0.000487910888488235
0.00071119338133692
0.00102470676644783
0.00145940625529857
0.00205455373557219
0.00285906156444902
0.00393273072822857
0.00534723926875904
0.00718670346055932
0.00954760700898366
0.0125378781736369
0.0162748973597031
0.0208822443187871
0.0264850494791623
0.0332039006909479
0.0411473741464183
0.0504034015595085
0.0610298453092654
0.0730448149939857
0.0864174047028099
0.101059640035963
0.116820477279919
0.133482676788718
0.150763266940386
0.168318120879261
0.185750892818635
0.202626222203285
0.218486740990041
0.232873047990995
0.245345484908736
0.255506300762192
0.263020658126742
0.267634938316178
0.269190951029083
0.267634938316178
0.263020658126742
0.255506300762192
0.245345484908736
0.232873047990995
0.218486740990041
0.202626222203285
0.185750892818635
0.168318120879261
0.150763266940386
0.133482676788718
0.116820477279919
0.101059640035963
0.0864174047028097
0.0730448149939857
0.061029845309265
0.0504034015595083
0.0411473741464183
0.0332039006909478
0.0264850494791622
0.020882244318787
0.0162748973597031
0.0125378781736368
0.00954760700898362
0.00718670346055929
0.00534723926875899
0.00393273072822855
0.002859061564449
0.00205455373557218
0.00145940625529857
0.00102470676644783
0.000711193381336915
0.000487910888488231
0.000330870475637285
0.000221789112461018
0.000146955935541595
9.62495576992358e-05
6.23124826401765e-05
3.98764114576204e-05
2.52244545607385e-05
1.5772197303204e-05
9.74826485283915e-06
5.95562220712356e-06
3.59659604854947e-06
2.14694484042136e-06
1.2668197109706e-06
7.38879197022168e-07
4.25987414214019e-07
2.42764287224857e-07
1.36753210431874e-07
7.61473798727116e-08
4.19118759372402e-08
2.28025773183499e-08
1.22629646335341e-08
6.51886093077275e-09
3.42541076509394e-09
