3.40667282347715e-09
1.34955429625738e-08
5.07562521134321e-08
1.81229118244969e-07
6.14335562871133e-07
1.97707244622766e-06
6.04058163759868e-06
1.75216168964688e-05
4.82512812988101e-05
0.000126148696725859
0.00031310927561395
0.000737816471538102
0.00165059303144083
0.00350566906002301
0.0070687247645843
0.0135316412621143
0.0245922988151746
0.0424313672809424
0.0695047000284826
0.108088768291594
0.159582847552093
0.223682032450492
0.297656408931683
0.376043965059853
0.451025665886718
0.513574127649804
0.555193362802877
0.56980288229819
0.555193362802877
0.513574127649804
0.451025665886718
0.376043965059852
0.297656408931683
0.223682032450492
0.159582847552093
0.108088768291594
0.0695047000284825
0.0424313672809423
0.0245922988151746
0.0135316412621143
0.0070687247645843
0.00350566906002299
0.00165059303144082
0.0007378164715381
0.00031310927561395
0.000126148696725858
4.82512812988098e-05
1.75216168964687e-05
6.04058163759866e-06
1.97707244622766e-06
6.14335562871126e-07
1.81229118244968e-07
5.07562521134317e-08
1.34955429625738e-08
3.40667282347713e-09
8.1641267296432e-10
1.85749775183584e-10
4.01223261335053e-11
8.22778923923846e-12
1.6018412038328e-12
2.96070413862218e-13
5.19529016391184e-14
8.65493586329436e-15
1.36885405564241e-15
2.05536845963898e-16
2.929958549242e-17
3.96526770133209e-18
5.09474904318154e-19
6.21458779812583e-20
7.19682773232887e-21
7.91241639642809e-22
8.25878972711155e-23
8.18394931920191e-24
7.69925495678747e-25
6.87659930532946e-26
5.83093210394342e-27
4.69398284005994e-28
3.58743679664155e-29
2.60295264372544e-30
1.7930298643374e-31
1.17259497041252e-32
7.28027490407968e-34
4.29127926247913e-35
2.40140286759276e-36
1.27579977016568e-37
6.43486236070614e-39
3.08130899687596e-40
1.40078179781511e-41
6.04567748197142e-43
2.47718652161049e-44
9.63633055488619e-46
3.55880275176682e-47
1.24777245420462e-48
4.15342256309797e-50
1.3125507045834e-51
3.93790567058753e-53
1.12164074123353e-54
3.03306341383849e-56
7.7866105312711e-58
1.89781844338037e-59
4.39137091017412e-61
9.64683446061254e-63
2.01191106551477e-64
3.98356566177443e-66
7.48814815848723e-68
1.3363374053211e-69
2.26410763277296e-71
3.64180980151984e-73
5.56130481939198e-75
8.06260505970538e-77
1.10971976554589e-78
1.45007512915944e-80
1.79889963607331e-82
2.11866655883626e-84
2.36895896078482e-86
2.51473201229354e-88
2.53434147649751e-90
2.4248104765834e-92
2.20256998160737e-94
1.89941944606754e-96
1.55507482830985e-98
1.20870675971597e-100
8.91928123500097e-103
6.24853220682017e-105
4.15590312070769e-107
2.62417059763951e-109
1.57310591104671e-111
8.95288711158818e-114
4.83734989190662e-116
2.4813678015916e-118
1.20840922232742e-120
5.58696778675197e-123
2.45232232200024e-125
1.02192302158067e-127
4.04294713185895e-130
1.51850836722923e-132
5.4147145170722e-135
1.83304525204882e-137
5.89128532076417e-140
1.79757150213779e-142
5.2071674031871e-145
1.43204331099661e-147
3.73895306883592e-150
9.26793805783039e-153
2.18099906200271e-155
4.87267092946595e-158
1.03351773732008e-160
2.08117228511187e-163
3.97866506728737e-166
7.22114350168266e-169
1.24426767307116e-171
