8.72551556061777e-10
3.28546817241264e-09
1.18272718249048e-08
4.07054948772365e-08
1.33937641347746e-07
4.21340689140642e-07
1.26720040390129e-06
3.64366424527067e-06
1.00164204483786e-05
2.63249701991087e-05
6.61461204180903e-05
0.000158899310602379
0.000364939435299369
0.000801310300197856
0.00168213869710603
0.0033760123377346
0.00647779791402969
0.0118831591174478
0.0208409531076264
0.0349449470942036
0.0560186121487074
0.0858541810058693
0.125797410445329
0.176223206635078
0.236012847594881
0.302196435240373
0.369933938370421
0.432952410518666
0.484436987493978
0.518221675883467
0.52999894000318
0.518221675883467
0.484436987493977
0.432952410518666
0.36993393837042
0.302196435240373
0.236012847594881
0.176223206635078
0.125797410445329
0.0858541810058691
0.0560186121487074
0.0349449470942035
0.0208409531076264
0.0118831591174478
0.00647779791402967
0.00337601233773457
0.00168213869710602
0.000801310300197854
0.000364939435299369
0.000158899310602379
6.61461204180901e-05
2.63249701991087e-05
1.00164204483786e-05
3.64366424527067e-06
1.26720040390128e-06
4.21340689140642e-07
1.33937641347746e-07
4.07054948772365e-08
1.18272718249045e-08
3.28546817241264e-09
8.72551556061761e-10
2.21547103889315e-10
5.37801741183923e-11
1.24812901017593e-11
2.76935032674365e-12
5.87458869871518e-13
1.19140160202924e-13
2.31004287660992e-14
4.28216156318199e-15
7.58904632455177e-16
1.28585650311487e-16
2.08295052373755e-17
3.2258676836639e-18
4.77634063938897e-19
6.76122177669037e-20
9.15031864173938e-21
1.18393647563858e-21
1.46454166261412e-22
1.73203318095961e-23
1.95835684970468e-24
2.1169402577641e-25
2.18779446588475e-26
2.16165102811708e-27
2.04195325107064e-28
1.84411140239312e-29
1.5922441361241e-30
1.31435690190259e-31
1.03728502654324e-32
7.82643629287738e-34
5.64561355245734e-35
3.89349289368528e-36
2.56713538296267e-37
1.61822648859742e-38
9.75238832452891e-40
5.6190618541188e-41
3.09526464143432e-42
1.63009496991645e-43
8.20746756012065e-45
3.95081404785192e-46
1.81821464136675e-47
7.99990553683484e-49
3.36515996839532e-50
1.35334248575046e-51
5.20344375771543e-53
1.91273656648975e-54
6.72203242639603e-56
2.25853691125478e-57
7.25495844130822e-59
2.22804425197339e-60
6.54174848355857e-62
1.83630585697771e-63
4.92807539285991e-65
1.26441842030555e-66
3.10159745589388e-68
7.27379733301632e-70
1.63086535787762e-71
3.4958771783392e-73
7.16432652446139e-75
1.40370460055709e-76
2.62940341249861e-78
4.70890434101713e-80
8.06238737176085e-82
1.31974066985045e-83
2.06535488804455e-85
3.09016678518494e-87
4.42028529326075e-89
6.04504902789216e-91
7.90370098451348e-93
9.87966735727779e-95
1.18068838294856e-96
1.3489920951035e-98
1.47354928585879e-100
1.53886695783918e-102
1.53645070117108e-104
1.46661908495832e-106
1.33843468036133e-108
1.1677723206348e-110
9.74092769966248e-113
7.76825743836839e-115
5.92281334334384e-117
4.31731393387831e-119
3.00871021059874e-121
2.00460235899224e-123
1.2769011002492e-125
7.77620018343456e-128
4.52750303371374e-130
2.52017799224423e-132
1.34117307577455e-134
6.82369465377092e-137
3.31921580799429e-139
1.54359208300342e-141
