5.60101967170954e-24
1.65287558018397e-23
4.82271996337479e-23
1.39130627029851e-22
3.96855365180195e-22
1.11923320377379e-21
3.12095661455101e-21
8.60465957865291e-21
2.34562440255179e-20
6.32211024928761e-20
1.68478495296679e-19
4.43921011335349e-19
1.15650028298326e-18
2.97895951876715e-18
7.58686359494076e-18
1.91046359459156e-17
4.75657197466639e-17
1.17092261837062e-16
2.84997554734587e-16
6.85855914979247e-16
1.63193726344896e-15
3.83930704624769e-15
8.93060845093155e-15
2.05394148950327e-14
4.6706132034998e-14
1.05011909054997e-13
2.334436262961e-13
5.13102704884814e-13
1.11507840029926e-12
2.39599175203135e-12
5.09030787175668e-12
1.0692557578762e-11
2.2207412577656e-11
4.56029713348807e-11
9.2590650747083e-11
1.85874557731677e-10
3.68936459716833e-10
7.24039100032029e-10
1.40491898040106e-09
2.69537599279771e-09
5.11288762966243e-09
9.58941151541469e-09
1.7782649984725e-08
3.26046708790557e-08
5.9107416454711e-08
1.05945606010994e-07
1.87759853615339e-07
3.29004124606977e-07
5.70005128586123e-07
9.76416253144343e-07
1.65375074459104e-06
2.76938873686305e-06
4.58539345257221e-06
7.50668353748105e-06
1.2150619599274e-05
1.94458780434508e-05
3.07705675650335e-05
4.8141794220865e-05
7.44711145309677e-05
0.000113902236311949
0.000172248506266872
0.000257547592152088
0.00038074862143427
0.000556542072894632
0.000804334096051566
0.00114935389740929
0.00162386485564035
0.00226842700443152
0.00313313097896349
0.00427869282497094
0.00577726758261714
0.00771281071562752
0.0101807946937852
0.0132870785334472
0.0171457363130932
0.021875681664076
0.0275959827918122
0.0344198483158472
0.042447376637135
0.0517572953545351
0.0623980630339575
0.0743788500228267
0.0876610415434445
0.102150996941159
0.11769483614589
0.134075993519353
0.151016171180179
0.168180137200789
0.18518455652756
0.201610731484221
0.217020790408203
0.230976529960992
0.243059824616057
0.252893300225842
0.260159856150221
0.26461963110826
0.266123147706175
0.26461963110826
0.260159856150221
0.252893300225842
0.243059824616056
0.230976529960992
0.217020790408203
0.201610731484221
0.18518455652756
0.168180137200789
0.151016171180178
0.134075993519353
0.117694836145889
0.102150996941159
0.087661041543444
0.0743788500228263
0.0623980630339574
0.0517572953545349
0.0424473766371347
0.034419848315847
0.0275959827918121
0.0218756816640759
0.0171457363130931
0.0132870785334471
0.0101807946937851
0.00771281071562745
0.00577726758261708
0.00427869282497092
0.00313313097896346
0.00226842700443151
0.00162386485564034
0.00114935389740927
0.000804334096051563
0.000556542072894625
0.000380748621434265
0.000257547592152086
0.00017224850626687
0.000113902236311947
7.44711145309665e-05
4.81417942208643e-05
3.07705675650333e-05
1.94458780434504e-05
1.21506195992738e-05
7.50668353748098e-06
4.58539345257213e-06
2.76938873686302e-06
1.65375074459101e-06
9.76416253144324e-07
5.70005128586118e-07
3.29004124606971e-07
1.87759853615336e-07
1.05945606010991e-07
5.91074164547099e-08
3.26046708790553e-08
1.77826499847247e-08
