1.89138114479661e-17
5.82273944459701e-17
1.76205702414142e-16
5.24151535105773e-16
1.53263262403916e-15
4.40517910249954e-15
1.24461025650067e-14
3.45658691473149e-14
9.43639014265363e-14
2.53226175428025e-13
6.67967917667631e-13
1.73199611233648e-12
4.41451017881293e-12
1.10601860601072e-11
2.72387167841694e-11
6.59409433724449e-11
1.56916267298487e-10
3.67049876281108e-10
8.43969002685057e-10
1.90753366359619e-09
4.23801243429409e-09
9.25542877228802e-09
1.98689611234336e-08
4.19274140982247e-08
8.69691641969589e-08
1.77327795755171e-07
3.55412448983699e-07
7.00217170977624e-07
1.35605460544253e-06
2.58146297356469e-06
4.83057604390814e-06
8.88538493125123e-06
1.60656340969686e-05
2.85537923352215e-05
4.98854647525053e-05
8.56699570804514e-05
0.000144619673514457
0.000239977489080224
0.000391433448417499
0.000627609723571817
0.000989158059473999
0.00153244898216548
0.00233373025696903
0.00349349068436473
0.00514058829328978
0.00743550306465275
0.0105718791948856
0.0147753687145675
0.0202987251748043
0.0274121753175932
0.0363883646812613
0.0474816581629715
0.0609022750497592
0.0767866032285429
0.0951659740518506
0.115937048121672
0.138837594607751
0.163431671990827
0.189107898076392
0.215093562151322
0.240485810810626
0.264299172304888
0.285526518398213
0.303208517608292
0.316505051095664
0.324761242421126
0.327560891040209
0.324761242421126
0.316505051095664
0.303208517608292
0.285526518398213
0.264299172304888
0.240485810810626
0.215093562151322
0.189107898076392
0.163431671990826
0.138837594607751
0.115937048121672
0.0951659740518502
0.0767866032285428
0.060902275049759
0.0474816581629712
0.0363883646812611
0.0274121753175933
0.0202987251748042
0.0147753687145674
0.0105718791948856
0.00743550306465272
0.00514058829328976
0.00349349068436472
0.00233373025696902
0.00153244898216547
0.000989158059473997
0.000627609723571814
0.000391433448417495
0.000239977489080223
0.000144619673514457
8.56699570804505e-05
4.98854647525048e-05
2.85537923352215e-05
1.60656340969685e-05
8.88538493125115e-06
4.83057604390812e-06
2.58146297356467e-06
1.35605460544252e-06
7.00217170977622e-07
3.55412448983696e-07
1.77327795755169e-07
8.69691641969583e-08
4.19274140982247e-08
1.98689611234335e-08
9.25542877228785e-09
4.23801243429409e-09
1.90753366359618e-09
8.43969002685042e-10
3.67049876281108e-10
1.56916267298486e-10
6.59409433724437e-11
2.72387167841691e-11
1.1060186060107e-11
4.41451017881285e-12
1.73199611233647e-12
6.67967917667619e-13
2.53226175428025e-13
9.43639014265346e-14
3.45658691473149e-14
1.24461025650067e-14
4.40517910249945e-15
1.53263262403916e-15
5.24151535105769e-16
1.76205702414138e-16
5.82273944459701e-17
1.89138114479657e-17
6.039139399946e-18
1.89546318805344e-18
5.84790023625784e-19
1.77349045929921e-19
5.28691171938606e-20
1.54924306777065e-20
4.4625322239814e-21
1.26353556194362e-21
3.51672067496203e-22
9.62127394748464e-23
2.58744774146776e-23
6.83998098625362e-24
1.77738905932319e-24
4.5399849310956e-25
1.13991015053345e-25
2.81339772038748e-26
6.82552312298457e-27
1.62774006783417e-27
