2.75745648468004e-25
8.09488004189388e-25
2.351279557632e-24
6.75756481275381e-24
1.92162337297349e-23
5.40677660780281e-23
1.5052224283874e-22
4.14624572281089e-22
1.13005997506925e-21
3.0474742930542e-21
8.13150080723818e-21
2.1468093053502e-20
5.60800419305612e-20
1.44949022615042e-19
3.70692973343369e-19
9.38005786289098e-19
2.34849036074476e-18
5.81787180577587e-18
1.42603969313579e-17
3.45852708848619e-17
8.29932649602078e-17
1.97054619145861e-16
4.62937636529359e-16
1.07609462354526e-15
2.47497339051371e-15
5.63226016446824e-15
1.26819776038531e-14
2.82542222684599e-14
6.2283331363518e-14
1.35847737922166e-13
2.93173754984201e-13
6.26022393815834e-13
1.32265552149036e-12
2.76500378793129e-12
5.71922013384023e-12
1.1704961681038e-11
2.37025614174952e-11
4.74911477820772e-11
9.41503962511818e-11
1.84681647210369e-10
3.58440791553083e-10
6.8834033200754e-10
1.30791977830395e-09
2.45895792956543e-09
4.57417936790492e-09
8.41913326325007e-09
1.53325248785761e-08
2.76281670487755e-08
4.92586572766075e-08
8.68970766861961e-08
1.51677046962167e-07
2.61954982791822e-07
4.47636574766127e-07
7.5686176301169e-07
1.26619229704375e-06
2.09592081245471e-06
3.43274998789343e-06
5.5629041797604e-06
8.9197582793455e-06
1.41513115527637e-05
2.22142881230699e-05
3.45032662471079e-05
5.30249319024846e-05
8.06291590928341e-05
0.000121309899350426
0.000180589483281119
0.000265999468773509
0.000387669098418428
0.000559028179243026
0.000797624190868388
0.00112604315508004
0.00157290992873217
0.00217392608520145
0.00297288284273419
0.00402256357279179
0.0053854269493035
0.0071339401759808
0.00935041502782572
0.0121261912560641
0.0155600160454278
0.0197554882811724
0.0248174752269704
0.0308474683129188
0.0379379235926594
0.046165728084157
0.0555850399285494
0.0662198596069109
0.0780567905264419
0.0910385277954808
0.105058661337001
0.119958382274548
0.135525631307037
0.151497120612753
0.16756349848854
0.183377716685905
0.19856641888016
0.212743914985568
0.225528063880454
0.236557181532898
0.245506945874471
0.252106202832228
0.256150601317755
0.257513101312302
0.256150601317755
0.252106202832228
0.245506945874471
0.236557181532898
0.225528063880454
0.212743914985568
0.19856641888016
0.183377716685905
0.167563498488539
0.151497120612753
0.135525631307037
0.119958382274548
0.105058661337001
0.0910385277954806
0.0780567905264417
0.0662198596069109
0.0555850399285493
0.0461657280841567
0.0379379235926594
0.0308474683129187
0.0248174752269703
0.0197554882811723
0.0155600160454278
0.0121261912560641
0.00935041502782568
0.0071339401759808
0.00538542694930347
0.00402256357279177
0.00297288284273418
0.00217392608520144
0.00157290992873215
0.00112604315508004
0.000797624190868383
0.000559028179243024
0.000387669098418425
0.000265999468773507
0.000180589483281118
0.000121309899350425
8.06291590928335e-05
5.30249319024841e-05
3.45032662471077e-05
2.22142881230697e-05
1.41513115527636e-05
8.91975827934536e-06
5.56290417976035e-06
3.4327499878934e-06
2.09592081245469e-06
1.26619229704374e-06
