6.28017292824937e-21
1.8822267568921e-20
5.56574364800428e-20
1.6237732100174e-19
4.67388971409245e-19
1.32734086467821e-18
3.71909597509028e-18
1.02811861554046e-17
2.80414182805136e-17
7.54584090835933e-17
2.00339335804092e-16
5.24778133701984e-16
1.35623874724559e-15
3.45817909472138e-15
8.69980924794231e-15
2.15934927771979e-14
5.28794558182454e-14
1.27762080314903e-13
3.04556510791072e-13
7.16283122057975e-13
1.66208206661031e-12
3.80514425183899e-12
8.59489752846155e-12
1.91540755968581e-11
4.21145929181799e-11
9.13597564588408e-11
1.95536652195877e-10
4.12907083648833e-10
8.60255400597695e-10
1.76828962201119e-09
3.58616530421654e-09
7.17559844278624e-09
1.41656616863991e-08
2.75909414806636e-08
5.30208994371471e-08
1.00526040617562e-07
1.88044649283479e-07
3.47051798358737e-07
6.31943911727596e-07
1.13530796600824e-06
2.01233255066252e-06
3.51914154685264e-06
6.07190033800294e-06
1.03362605896852e-05
1.7360138322585e-05
2.87669506733293e-05
4.70311276879177e-05
7.58626259831986e-05
0.000120731686506166
0.000189568240459277
0.000293670827396621
0.000448855912925756
0.000676868043544792
0.00100705220924703
0.00147826018049861
0.00214092121974992
0.0030591544976489
0.00431273775857391
0.00599867878948154
0.0082320704760472
0.0111458570379548
0.0148891111772407
0.0196234332956355
0.0255171478543704
0.0327370983252189
0.0414380348762515
0.0517498429888589
0.0637631608133828
0.077514250908833
0.0929702903922469
0.110016477751847
0.12844647841737
0.147957703922744
0.168152713689496
0.18854763698065
0.208587953589768
0.22767129032491
0.245176155362042
0.260494829927957
0.273068058161064
0.282418805489557
0.288182256566617
0.29012942659283
0.288182256566617
0.282418805489557
0.273068058161064
0.260494829927957
0.245176155362042
0.22767129032491
0.208587953589768
0.18854763698065
0.168152713689496
0.147957703922744
0.12844647841737
0.110016477751847
0.0929702903922469
0.077514250908833
0.0637631608133826
0.0517498429888589
0.0414380348762515
0.0327370983252189
0.0255171478543703
0.0196234332956355
0.0148891111772407
0.0111458570379547
0.0082320704760472
0.00599867878948151
0.0043127377585739
0.00305915449764889
0.00214092121974992
0.0014782601804986
0.00100705220924703
0.000676868043544794
0.000448855912925755
0.00029367082739662
0.000189568240459277
0.000120731686506165
7.5862625983198e-05
4.70311276879177e-05
2.87669506733292e-05
1.73601383225848e-05
1.03362605896852e-05
6.07190033800289e-06
3.51914154685264e-06
2.01233255066252e-06
1.13530796600824e-06
6.31943911727596e-07
3.47051798358735e-07
1.88044649283479e-07
1.00526040617562e-07
5.30208994371466e-08
2.75909414806636e-08
1.4165661686399e-08
7.17559844278614e-09
3.58616530421654e-09
1.76828962201116e-09
8.60255400597695e-10
4.12907083648829e-10
1.95536652195876e-10
9.13597564588408e-11
4.21145929181799e-11
1.91540755968581e-11
8.59489752846155e-12
3.80514425183897e-12
1.66208206661031e-12
7.1628312205797e-13
3.04556510791069e-13
1.27762080314903e-13
5.28794558182448e-14
2.15934927771979e-14
8.69980924794222e-15
