1.87839826917958e-08
8.21391169791339e-08
3.36383010800141e-07
1.29014864439832e-06
4.63411834706408e-06
1.55889248816077e-05
4.91119164173874e-05
0.000144903632113886
0.000400399323541904
0.0010361653663547
0.00251122994931883
0.00569987807305576
0.0121161969036895
0.0241206358810579
0.0449710322365399
0.0785233162981277
0.128406226398512
0.196650568633825
0.282049934563295
0.378859754383256
0.476598440306092
0.56149828415266
0.619535109927355
0.64018439966448
0.619535109927355
0.56149828415266
0.476598440306092
0.378859754383256
0.282049934563295
0.196650568633825
0.128406226398512
0.0785233162981275
0.0449710322365398
0.0241206358810579
0.0121161969036895
0.00569987807305576
0.00251122994931883
0.0010361653663547
0.000400399323541902
0.000144903632113886
4.91119164173874e-05
1.55889248816076e-05
4.63411834706403e-06
1.29014864439831e-06
3.36383010800138e-07
8.21391169791327e-08
1.87839826917954e-08
4.02297193036715e-09
8.06915389935026e-10
1.51576078928135e-10
2.66658241735201e-11
4.39340284996068e-12
6.77904812441341e-13
9.79620985081466e-14
1.32577283480528e-14
1.68035802941156e-15
1.99460180806515e-16
2.21733986188483e-17
2.30850061185839e-18
2.25086473386867e-19
2.05537217496456e-20
1.75773427883047e-21
1.40778925149954e-22
1.05595093989057e-23
7.41773835521649e-25
4.88001271025517e-26
3.00671364953229e-27
1.73494159171605e-28
9.37560541356163e-30
4.74499169992587e-31
2.24901973502342e-32
9.98326843882527e-34
4.15024662309729e-35
1.61583396983029e-36
5.89170829978441e-38
2.01190473397443e-39
6.43421045024502e-41
1.92710236421877e-42
5.40550134857686e-44
1.42000165049372e-45
3.49352126892191e-47
8.04932767929459e-49
1.73691072363347e-50
3.51008035645282e-52
6.64321479386866e-54
1.17750078052456e-55
1.9546355175585e-57
3.03872949803286e-59
4.4242531698908e-61
6.03267005439625e-63
7.70372637119975e-65
9.2132699796121e-67
1.03192567921847e-68
1.08244220050107e-70
1.06336579016462e-72
9.78323141638878e-75
8.42953546471356e-77
6.80215667726787e-79
5.1405701871589e-81
3.63829264677656e-83
2.41160201189622e-85
1.49704660132696e-87
8.70335453552003e-90
4.73870533360991e-92
2.41631976270346e-94
1.15390692932285e-96
5.16070257278651e-99
2.16156625647759e-101
8.47910371378736e-104
3.11496388735552e-106
1.07171117225004e-108
3.45321941064751e-111
1.04205888774795e-113
2.94497779110247e-116
7.79459328947506e-119
1.93208650825175e-121
4.48519521071217e-124
9.75119418287427e-127
1.98543618850091e-129
3.78595750823765e-132
6.76109768192016e-135
1.13078583348874e-137
1.77119011931693e-140
2.59819460068667e-143
3.56943801286965e-146
4.59250551096913e-149
5.53377123086972e-152
6.24474040808338e-155
6.59977684661156e-158
6.53229495474225e-161
6.05513729285714e-164
5.25658723824317e-167
4.27371376220061e-170
3.25408325176125e-173
2.32045719377494e-176
1.54967324912408e-179
9.69233428658232e-183
5.67725375232168e-186
3.11436780305983e-189
1.60001173941311e-192
7.69835812830799e-196
3.46892352410408e-199
1.46390540287916e-202
5.78566089006754e-206
2.14148289544529e-209
7.42331548378739e-213
2.40992151797199e-216
7.32705673227349e-220
2.08630540071355e-223
5.56349732643817e-227
1.38943923520093e-230
