4.55499798857444e-25
1.3382837177891e-24
3.8900115006604e-24
1.11865524431002e-23
3.18261662565675e-23
8.95808291415284e-23
2.4945287583435e-22
6.87234002128513e-22
1.8731107188904e-21
5.0508555228352e-21
1.34743904933715e-20
3.55628042335338e-20
9.28593320551878e-20
2.39882075794608e-19
6.13073759007133e-19
1.55013793203099e-18
3.87766820858801e-18
9.59651695687028e-18
2.34962909057795e-17
5.69151221840448e-17
1.36395085080454e-16
3.23379478321831e-16
7.58523215921825e-16
1.76022419298204e-15
4.04119475231443e-15
9.17897657437655e-15
2.06263047056486e-14
4.58554841674254e-14
1.00856484013035e-13
2.1946185777334e-13
4.72451209318705e-13
1.00623070408335e-12
2.12021963449057e-12
4.41984282231296e-12
9.11539483914484e-12
1.8598881675333e-11
3.75440279353775e-11
7.4978644321169e-11
1.48141585917264e-10
2.89573677833406e-10
5.5999462820656e-10
1.07139922155499e-09
2.02796977747114e-09
3.79764458119681e-09
7.0357409711435e-09
1.28957930075603e-08
2.33845464824802e-08
4.1951987080084e-08
7.44592757104484e-08
1.30745805501022e-07
2.27132566975157e-07
3.90367577749649e-07
6.63759510897258e-07
1.11658158431208e-06
1.8582872666585e-06
3.05969352755596e-06
4.98408787819588e-06
8.03223009349982e-06
1.28064653041974e-05
2.02006386523834e-05
3.15241662689787e-05
4.86703876523138e-05
7.43410494767169e-05
0.000112340216549903
0.000167951741783486
0.000248414220889436
0.00036350558061946
0.000526245503038434
0.000753717153332591
0.00106799959316942
0.00149718842839758
0.00207646455878758
0.00284914971336353
0.00386766370283848
0.00519427364461733
0.00690150222888305
0.00907204354835881
0.0117980248483543
0.0151794547991651
0.0193217174325865
0.024332008883183
0.0303146733305993
0.0373654748281313
0.0455649402231627
0.0549710194002808
0.0656114239323258
0.0774761126703645
0.0905104798810964
0.104609854843215
0.119615929102989
0.135315679571765
0.151443247696313
0.167685068468572
0.183688326327645
0.199072563137924
0.213443997395208
0.226411858665459
0.237605823501797
0.246693483605444
0.253396703927947
0.257505750347081
0.258890186539249
0.257505750347081
0.253396703927947
0.246693483605444
0.237605823501797
0.226411858665458
0.213443997395207
0.199072563137923
0.183688326327645
0.167685068468571
0.151443247696312
0.135315679571765
0.119615929102989
0.104609854843214
0.0905104798810962
0.0774761126703643
0.0656114239323254
0.0549710194002805
0.0455649402231625
0.0373654748281311
0.0303146733305991
0.0243320088831828
0.0193217174325864
0.0151794547991649
0.0117980248483543
0.00907204354835877
0.00690150222888298
0.0051942736446173
0.00386766370283845
0.0028491497133635
0.00207646455878756
0.00149718842839756
0.0010679995931694
0.000753717153332583
0.000526245503038427
0.000363505580619458
0.000248414220889433
0.000167951741783483
0.000112340216549901
7.43410494767158e-05
4.86703876523134e-05
3.15241662689783e-05
2.02006386523831e-05
1.28064653041972e-05
8.03223009349968e-06
4.98408787819579e-06
3.0596935275559e-06
1.85828726665846e-06
1.11658158431207e-06
6.63759510897245e-07
