3.45695408649096e-19
1.04837018008926e-18
3.13170120052739e-18
9.21489921926697e-18
2.67082524416431e-17
7.62508986990947e-17
2.14431741394281e-16
5.93988162263619e-16
1.62073167131013e-15
4.35601191999582e-15
1.15321852908111e-14
3.00731399596385e-14
7.72485881808414e-14
1.95455068902809e-13
4.87133432176567e-13
1.19589636706386e-12
2.89190330988107e-12
6.88840386397877e-12
1.61621095667133e-11
3.73527088900011e-11
8.50336402258674e-11
1.9067952044668e-10
4.21174377203067e-10
9.16356458787786e-10
1.96386468143486e-09
4.14575168439448e-09
8.62064226934239e-09
1.76571486347653e-08
3.56242831269007e-08
7.07972365715665e-08
1.38589743274695e-07
2.67233245380051e-07
5.0756830308404e-07
9.49605261047134e-07
1.74999312488762e-06
3.17668523557139e-06
5.68010858630812e-06
1.00042308218714e-05
1.73562293436552e-05
2.96600356462267e-05
4.99266663354212e-05
8.27824127870991e-05
0.000135203583794431
0.000217511858031145
0.000344684920978068
0.000538029690845678
0.000827246259620805
0.00125287572116433
0.00186907094390807
0.00274655430583753
0.00397553156854903
0.00566822177280785
0.00796054997450383
0.0110124493466732
0.0150061535537516
0.0201418547628134
0.0266301826752195
0.0346811462289775
0.0444894822242583
0.0562167677463709
0.0699711486821812
0.0857860649651509
0.103599844161636
0.123238404979684
0.144403475870021
0.166668619003445
0.189484913743021
0.212197396637835
0.234072328842777
0.254334170224587
0.27220992764838
0.28697748124527
0.298013741893222
0.304838189199044
0.307147558416976
0.304838189199044
0.298013741893222
0.28697748124527
0.272209927648379
0.254334170224587
0.234072328842777
0.212197396637835
0.189484913743021
0.166668619003445
0.144403475870021
0.123238404979684
0.103599844161636
0.0857860649651509
0.0699711486821809
0.0562167677463709
0.0444894822242581
0.0346811462289774
0.0266301826752194
0.0201418547628133
0.0150061535537515
0.0110124493466732
0.00796054997450385
0.0056682217728078
0.00397553156854901
0.00274655430583754
0.00186907094390807
0.00125287572116433
0.000827246259620802
0.000538029690845675
0.000344684920978067
0.000217511858031144
0.000135203583794431
8.27824127870982e-05
4.9926666335421e-05
2.96600356462267e-05
1.7356229343655e-05
1.00042308218713e-05
5.68010858630812e-06
3.17668523557139e-06
1.7499931248876e-06
9.49605261047134e-07
5.07568303084037e-07
2.67233245380048e-07
1.38589743274695e-07
7.07972365715658e-08
3.56242831269003e-08
1.76571486347653e-08
8.62064226934232e-09
4.14575168439448e-09
1.96386468143484e-09
9.16356458787786e-10
4.21174377203067e-10
1.90679520446676e-10
8.50336402258674e-11
3.73527088900007e-11
1.6162109566713e-11
6.88840386397877e-12
2.89190330988104e-12
1.19589636706384e-12
4.87133432176567e-13
1.95455068902807e-13
7.72485881808414e-14
3.00731399596382e-14
1.1532185290811e-14
4.35601191999582e-15
1.6207316713101e-15
5.93988162263619e-16
2.14431741394278e-16
7.6250898699093e-17
2.67082524416431e-17
9.21489921926683e-18
3.13170120052732e-18
1.04837018008926e-18
3.45695408649094e-19
1.12283818948362e-19
3.59240548315093e-20
