2.02158535272776e-14
6.47354479077197e-14
2.02664493511688e-13
6.20295475705819e-13
1.85611548878864e-12
5.42996226558827e-12
1.55300932601218e-11
4.34246924541729e-11
1.18709335620099e-10
3.17262274084617e-10
8.28967352227021e-10
2.11758989627046e-09
5.28849040725087e-09
1.29124014868038e-08
3.08224925884863e-08
7.19306405784898e-08
1.64113963598432e-07
3.66068682715717e-07
7.98298023241192e-07
1.70197417778815e-06
3.54753194585261e-06
7.22911442113011e-06
1.44022159288036e-05
2.80516862311507e-05
5.34163320033189e-05
9.94430848074888e-05
0.000180992487524584
0.00032205640836383
0.000560258916538916
0.000952864274365505
0.00158437779430064
0.00257556126581661
0.00409327062304242
0.00635996122052418
0.00966104070614321
0.0143475845208707
0.0208314311248351
0.0295695597032873
0.0410351517686765
0.055674030829832
0.0738473172321435
0.0957639861371577
0.121410191190376
0.150485101787111
0.182354844386615
0.216036204863073
0.250219532895525
0.283335710115245
0.313665573151316
0.33948284308005
0.359214816798496
0.371600328182918
0.375823014001414
0.371600328182918
0.359214816798495
0.33948284308005
0.313665573151316
0.283335710115245
0.250219532895525
0.216036204863073
0.182354844386615
0.150485101787111
0.121410191190376
0.0957639861371574
0.0738473172321436
0.0556740308298319
0.0410351517686765
0.0295695597032873
0.0208314311248351
0.0143475845208708
0.0096610407061432
0.00635996122052416
0.00409327062304242
0.0025755612658166
0.00158437779430064
0.000952864274365503
0.000560258916538919
0.00032205640836383
0.000180992487524584
9.94430848074891e-05
5.34163320033189e-05
2.80516862311506e-05
1.44022159288037e-05
7.22911442113018e-06
3.54753194585259e-06
1.70197417778815e-06
7.98298023241201e-07
3.66068682715718e-07
1.64113963598431e-07
7.19306405784903e-08
3.08224925884865e-08
1.29124014868038e-08
5.28849040725091e-09
2.11758989627046e-09
8.28967352227021e-10
3.17262274084619e-10
1.18709335620101e-10
4.34246924541729e-11
1.55300932601218e-11
5.42996226558837e-12
1.85611548878866e-12
6.20295475705819e-13
2.02664493511692e-13
6.47354479077203e-14
2.02158535272776e-14
6.17202167737774e-15
1.8422486146654e-15
5.37594070508498e-16
1.53372019710584e-16
4.27782721338445e-17
1.16650277573481e-17
3.10980924005396e-18
8.10526387190339e-19
2.06531358684712e-19
5.14505807788281e-20
1.25308345633261e-20
2.98369994695447e-21
6.94569537834754e-22
1.58074476932079e-22
3.51716878386172e-23
7.65085730354806e-24
1.62709319767803e-24
3.38298593615968e-25
6.87659410567466e-26
1.36657044648375e-26
2.65507072152863e-27
5.04319311124495e-28
9.36527508387217e-29
1.70028183023119e-29
3.01791306213981e-30
5.23694449752524e-31
8.8845339855364e-32
1.4735903547991e-32
2.38948507899458e-33
3.78806402788324e-34
5.87104940028272e-35
8.89609872037259e-36
1.3178588217628e-36
1.90863822773095e-37
2.7024880565335e-38
3.74101443576843e-39
5.06291248256992e-40
6.69879815254706e-41
8.66520414809761e-42
1.09583745801974e-42
1.35487403318233e-43
1.63771049737454e-44
1.93535563624593e-45
2.23599004589003e-46
2.52559893372917e-47
2.78897319760617e-48
