4.22084083671067e-18
1.29151585842141e-17
3.88785436710691e-17
1.15140924386491e-16
3.35474035410183e-16
9.6160694604274e-16
2.7117256462466e-15
7.52321343625246e-15
2.05338552176175e-14
5.51375019077881e-14
1.45657601388521e-13
3.78554749971928e-13
9.67907207325324e-13
2.4347155271815e-12
6.02521023214405e-12
1.46691740770525e-11
3.51356989667671e-11
8.2794409031331e-11
1.91938855786943e-10
4.37758180143546e-10
9.8223434762886e-10
2.16823046029519e-09
4.70874577559179e-09
1.00603832096139e-08
2.11462460753161e-08
4.37281916282954e-08
8.89609129642878e-08
1.78051822241461e-07
3.50592880097726e-07
6.7915552697489e-07
1.29432954409049e-06
2.42677754249476e-06
4.47635527688097e-06
8.12322731983238e-06
1.45024755889475e-05
2.54721238346321e-05
4.40146902167329e-05
7.48237757172199e-05
0.000125138535291439
0.000205897935982692
0.000333290086926622
0.000530765001618017
0.000831556259804402
0.00128171207040437
0.00194356374494411
0.0028994563961478
0.00425543393502526
0.00614441585311167
0.00872824297006903
0.0121978287390943
0.0167705657421143
0.022684142837252
0.0301860655621691
0.0395184704039258
0.0508982932859457
0.0644934769509372
0.0803966291578954
0.0985982863916211
0.118962579312872
0.141208504798837
0.16490006048243
0.189448099653144
0.214125884230926
0.238098995608376
0.260468635681761
0.280325615846381
0.296810740524291
0.309176102300892
0.316841237656029
0.31943828249997
0.316841237656029
0.309176102300891
0.296810740524291
0.28032561584638
0.260468635681761
0.238098995608376
0.214125884230925
0.189448099653144
0.164900060482429
0.141208504798837
0.118962579312872
0.0985982863916206
0.080396629157895
0.064493476950937
0.0508982932859452
0.0395184704039255
0.030186065562169
0.0226841428372518
0.0167705657421142
0.0121978287390943
0.00872824297006897
0.00614441585311161
0.00425543393502523
0.00289945639614776
0.00194356374494409
0.00128171207040436
0.000831556259804398
0.000530765001618009
0.000333290086926619
0.000205897935982691
0.000125138535291438
7.4823775717219e-05
4.40146902167325e-05
2.54721238346318e-05
1.45024755889473e-05
8.12322731983227e-06
4.47635527688091e-06
2.42677754249471e-06
1.29432954409046e-06
6.79155526974885e-07
3.50592880097718e-07
1.78051822241458e-07
8.89609129642872e-08
4.37281916282947e-08
2.11462460753156e-08
1.00603832096138e-08
4.70874577559169e-09
2.16823046029514e-09
9.82234347628846e-10
4.3775818014354e-10
1.91938855786938e-10
8.27944090313295e-11
3.51356989667665e-11
1.46691740770523e-11
6.0252102321439e-12
2.43471552718148e-12
9.67907207325304e-13
3.78554749971917e-13
1.45657601388518e-13
5.51375019077865e-14
2.05338552176171e-14
7.5232134362523e-15
2.71172564624656e-15
9.61606946042706e-16
3.35474035410178e-16
1.15140924386488e-16
3.88785436710688e-17
1.29151585842137e-17
4.22084083671058e-18
1.35708698676175e-18
4.29265389788004e-19
1.33583722098314e-19
4.08969277344454e-20
1.23179179186063e-20
3.65000454609064e-21
1.06404251930453e-21
3.05164519391048e-22
8.61030570464922e-23
2.39008079429056e-23
6.5270369441127e-24
1.75359394619371e-24
