2.14549897629837e-10
7.77179272093184e-10
2.70591609071498e-09
9.05540043369134e-09
2.91273659938056e-08
9.00523362956465e-08
2.6760176572412e-07
7.64334008170186e-07
2.09834846108528e-06
5.53697109736461e-06
1.40432336246509e-05
3.42343592487803e-05
8.0215354137812e-05
0.000180656264179182
0.000391064833372883
0.000813663286779229
0.00162719985266637
0.00312778786504334
0.0057787499544684
0.0102619698468398
0.0175157115242094
0.0287359164462063
0.0453129710902445
0.0686784119420081
0.100050247716729
0.14009295972871
0.188544848806735
0.243900814784682
0.303257848278561
0.362419090161417
0.416303728821003
0.459631468156056
0.487763644165163
0.497518595104995
0.487763644165163
0.459631468156056
0.416303728821003
0.362419090161417
0.303257848278561
0.243900814784681
0.188544848806735
0.14009295972871
0.100050247716729
0.068678411942008
0.0453129710902445
0.0287359164462061
0.0175157115242094
0.0102619698468398
0.00577874995446839
0.00312778786504334
0.00162719985266636
0.000813663286779227
0.000391064833372882
0.000180656264179182
8.02153541378118e-05
3.42343592487802e-05
1.40432336246508e-05
5.53697109736461e-06
2.09834846108525e-06
7.64334008170186e-07
2.67601765724117e-07
9.00523362956469e-08
2.91273659938056e-08
9.05540043369128e-09
2.70591609071498e-09
7.77179272093184e-10
2.14549897629837e-10
5.692927232927e-11
1.45192162020963e-11
3.5591880154772e-12
8.38607818386756e-13
1.89918425972772e-13
4.13404801041512e-14
8.64936347985678e-15
1.73937410031698e-15
3.36203374666412e-16
6.24613485205089e-17
1.11537488880576e-17
1.91439075213824e-18
3.15820655908308e-19
5.00784286480091e-20
7.63239913736146e-21
1.11807689500604e-21
1.57428185754793e-22
2.130558810855e-23
2.77143553717659e-24
3.46510384755475e-25
4.16416516283993e-26
4.80994219244536e-27
5.34013192037311e-28
5.69854960657498e-29
5.84489749580242e-30
5.76221798553658e-31
5.46012627594402e-32
4.97297078994043e-33
4.35340777354396e-34
3.66305135220549e-35
2.96248994010406e-36
2.30287826046796e-37
1.72062129773217e-38
1.23566238678186e-39
8.52932333871782e-41
5.65886780068755e-42
3.60864978808355e-43
2.21187277798708e-44
1.30309407226656e-45
7.37889980426375e-47
4.01612920074125e-48
2.10098986269423e-49
1.05642934562831e-50
5.10572212283077e-52
2.3717784105442e-53
1.05898855569364e-54
4.54473579193989e-56
1.87467605806897e-57
7.43265618289629e-59
2.83244883298627e-60
1.03748140432773e-61
3.6525720181579e-63
1.23599715972778e-64
4.02009555725008e-66
1.25676911224472e-67
3.77637261066911e-69
1.09067258852718e-70
3.02770930841499e-72
8.07856404497491e-74
2.07183128700982e-75
5.1071053951993e-77
1.21002814590955e-78
2.75560105773661e-80
6.03166804194311e-82
1.26899157641221e-83
2.56613952111813e-85
4.98771936545535e-87
9.31802718147484e-89
1.6731934455759e-90
2.88780959363041e-92
4.79061393651292e-94
7.63860426203504e-96
1.17067694795217e-97
1.72448865265589e-99
2.44165238411635e-101
3.32282558148584e-103
4.34641784676171e-105
5.46456534728544e-107
6.60358832175862e-109
7.67016270128273e-111
8.56306775784318e-113
9.18870699501187e-115
9.47719124091283e-117
9.39517997935798e-119
