1.95856109323686e-11
6.76579308980378e-11
2.26122333672514e-10
7.31158213937954e-10
2.2872962886347e-09
6.92271806577844e-09
2.0270946254216e-08
5.74267921097974e-08
1.57397652041985e-07
4.17373719511045e-07
1.07076731859645e-06
2.65771417524365e-06
6.38211456262341e-06
1.48273683393915e-05
3.33278052336233e-05
7.24757153245127e-05
0.00015248301268296
0.000310379890128423
0.000611235885714048
0.00116457448323747
0.00214668763185259
0.00382836727936406
0.0066054360894803
0.0110263697519465
0.0178076563551645
0.0278242930231508
0.0420614914356464
0.061516037834824
0.0870432704612105
0.119158548111711
0.157818664194377
0.202224924032565
0.250699897498711
0.300688479840625
0.34891736187313
0.391716196098707
0.42546479904337
0.447094057972331
0.454545454545455
0.447094057972331
0.42546479904337
0.391716196098707
0.34891736187313
0.300688479840625
0.250699897498711
0.202224924032565
0.157818664194377
0.11915854811171
0.0870432704612105
0.061516037834824
0.0420614914356463
0.0278242930231507
0.0178076563551645
0.0110263697519465
0.00660543608948028
0.00382836727936405
0.00214668763185259
0.00116457448323747
0.000611235885714042
0.000310379890128423
0.000152483012682959
7.24757153245127e-05
3.33278052336232e-05
1.48273683393914e-05
6.38211456262341e-06
2.65771417524362e-06
1.07076731859645e-06
4.17373719511045e-07
1.57397652041983e-07
5.74267921097974e-08
2.02709462542158e-08
6.92271806577839e-09
2.2872962886347e-09
7.31158213937946e-10
2.26122333672514e-10
6.76579308980378e-11
1.95856109323688e-11
5.48527861254153e-12
1.48628952705585e-12
3.89629024658758e-13
9.88194295869507e-14
2.42480345223028e-14
5.75643888595194e-15
1.32213076938938e-15
2.93790727294933e-16
6.31604061154465e-17
1.31369607065302e-17
2.64355314443264e-18
5.14664659989001e-19
9.69401769062956e-20
1.76655199887023e-20
3.11452772130031e-21
5.31252679534112e-22
8.76704476347229e-23
1.3997435407989e-23
2.16215526621683e-24
3.23123423182388e-25
4.67189595249653e-26
6.53523246711429e-27
8.84447536954025e-28
1.15804722614099e-28
1.46697807170936e-29
1.79789419902036e-30
2.131806577416e-31
2.44553916364594e-32
2.71421723613695e-33
2.91445761419296e-34
3.02770836562098e-35
3.04308088193487e-36
2.95907592125192e-37
2.78382466283779e-38
2.53379109654279e-39
2.23122255275238e-40
1.90089502457448e-41
1.56681072072595e-42
1.24944773086832e-43
9.63968424379931e-45
7.19532942078801e-46
5.19615039834626e-47
3.63041189528271e-48
2.45399259454256e-49
1.60484743228396e-50
1.01540059426016e-51
6.21561680752699e-53
3.68107112725062e-54
2.10914939901159e-55
1.16918607847386e-56
6.27051318247156e-58
3.25361148526865e-59
1.63332066684777e-60
7.93268811758388e-62
3.72745543671226e-63
1.69452389656697e-64
7.45291371216156e-66
3.17137534901543e-67
1.30560665985427e-68
5.20020213177122e-70
2.00387787793783e-71
7.47077117320157e-73
2.69465255308513e-74
9.40336457198312e-76
3.17473098414204e-77
1.03698803287304e-78
3.27705489271658e-80
1.00192876537027e-81
2.96369243936649e-83
8.48149824792501e-85
2.34830865526237e-86
6.29043875789408e-88
1.63023365981093e-89
4.08753920202684e-91
