1.87720127196249e-22
5.57901786895319e-22
1.63779485375993e-21
4.74915221136107e-21
1.36027749532098e-20
3.84852023400167e-20
1.07551103961708e-19
2.96886744872649e-19
8.09508811975072e-19
2.18025449441931e-18
5.80026234837706e-18
1.52420338360295e-17
3.95633485892705e-17
1.01437374752342e-16
2.56896268724565e-16
6.42646917950774e-16
1.5879685571313e-15
3.87584326010498e-15
9.34426937790634e-15
2.22525267137599e-14
5.23441497119552e-14
1.21621905934523e-13
2.79132430798359e-13
6.32795857434319e-13
1.41700634319945e-12
3.13425839989507e-12
6.84782478755334e-12
1.47783285695281e-11
3.15030667657735e-11
6.63338472392421e-11
1.37966096254698e-10
2.83442130088544e-10
5.75189920826954e-10
1.15295662318862e-09
2.28280863619257e-09
4.46458280664031e-09
8.62476151466741e-09
1.64576622364607e-08
3.10201598872138e-08
5.77530275768138e-08
1.06208754854107e-07
1.92930422698368e-07
3.46175199683739e-07
6.13544438964228e-07
1.07411537700428e-06
1.85742240971743e-06
3.17267265267311e-06
5.35296848397152e-06
8.92111103758107e-06
1.46858145764725e-05
2.38798708264829e-05
3.83548901387189e-05
6.08505278872719e-05
9.5359242895323e-05
0.000147610100407761
0.000225696172513419
0.000340868719957273
0.000508516375085626
0.000749337681758671
0.00109069931268173
0.00156814906577284
0.00222702188563994
0.00312403911934808
0.00432875772040558
0.0059246804560443
0.00800979538360483
0.0106962796512936
0.0141090870550392
0.0183831493055764
0.0236589656112605
0.0300764399307983
0.0377669524496014
0.0468438186957989
0.0573914871517888
0.0694540383873624
0.0830237535413088
0.0980306907196307
0.114334316101122
0.131718255792145
0.149889144598835
0.168480339218675
0.187060940053464
0.205150147672093
0.222236501904786
0.237801061101289
0.251343131113399
0.262406803542085
0.270606359147469
0.275648569121607
0.277350098112615
0.275648569121607
0.270606359147469
0.262406803542085
0.251343131113399
0.237801061101288
0.222236501904786
0.205150147672093
0.187060940053463
0.168480339218675
0.149889144598835
0.131718255792145
0.114334316101122
0.0980306907196307
0.0830237535413086
0.0694540383873622
0.0573914871517886
0.0468438186957988
0.0377669524496011
0.0300764399307982
0.0236589656112605
0.0183831493055763
0.0141090870550392
0.0106962796512936
0.0080097953836048
0.00592468045604426
0.00432875772040555
0.00312403911934806
0.00222702188563993
0.00156814906577283
0.00109069931268172
0.000749337681758661
0.000508516375085624
0.00034086871995727
0.000225696172513418
0.00014761010040776
9.53592428953227e-05
6.08505278872716e-05
3.83548901387186e-05
2.38798708264827e-05
1.46858145764724e-05
8.92111103758099e-06
5.35296848397147e-06
3.17267265267307e-06
1.8574224097174e-06
1.07411537700427e-06
6.13544438964222e-07
3.46175199683736e-07
1.92930422698366e-07
1.06208754854106e-07
5.77530275768131e-08
3.10201598872136e-08
1.64576622364606e-08
8.62476151466735e-09
4.46458280664023e-09
2.28280863619253e-09
1.15295662318861e-09
5.75189920826944e-10
2.83442130088542e-10
1.37966096254697e-10
6.63338472392416e-11
3.1503066765773e-11
