3.11727796149602e-17
9.61762860337032e-17
2.91591288842567e-16
8.6875068277181e-16
2.54348887577409e-15
7.31776732083578e-15
2.0689091499689e-14
5.74802058133362e-14
1.56931193926202e-13
4.21031232485919e-13
1.11002668190369e-12
2.87585240295156e-12
7.32173216748908e-12
1.83178776286084e-11
4.50350385549149e-11
1.08802780614558e-10
2.58311368568698e-10
6.02644387663057e-10
1.38163327007339e-09
3.11270898286267e-09
6.89125507906664e-09
1.49924359568459e-08
3.20523701375771e-08
6.73383028347049e-08
1.39020310363536e-07
2.82038509737013e-07
5.62280003587348e-07
1.10156704987265e-06
2.12071986687241e-06
4.01208146827909e-06
7.45882214462515e-06
1.3626515989247e-05
2.44632119995303e-05
4.31574919237071e-05
7.48191874041884e-05
0.000127462915043723
0.000213387402049937
0.000351049028683064
0.00056751957465624
0.000901587715685704
0.00140750256835854
0.00215925769746217
0.00325517114502349
0.00482233356891356
0.00702028492878211
0.0100430656168431
0.0141186096667796
0.0195043568046826
0.0264780138446811
0.0353226474618297
0.046305775190783
0.0596528422758108
0.0755163853255438
0.0939431928534315
0.114842730403332
0.137960821713678
0.162862878219939
0.188930689310169
0.215375839218453
0.241271223471792
0.265600042677442
0.287319316514269
0.305432733538824
0.319065908710794
0.327536194060782
0.330409300227545
0.327536194060782
0.319065908710794
0.305432733538824
0.287319316514269
0.265600042677442
0.241271223471791
0.215375839218453
0.188930689310169
0.162862878219938
0.137960821713678
0.114842730403332
0.0939431928534314
0.0755163853255436
0.0596528422758108
0.0463057751907829
0.0353226474618296
0.0264780138446811
0.0195043568046826
0.0141186096667795
0.0100430656168431
0.00702028492878212
0.00482233356891356
0.00325517114502348
0.00215925769746216
0.00140750256835854
0.0009015877156857
0.000567519574656239
0.000351049028683063
0.000213387402049935
0.000127462915043723
7.48191874041885e-05
4.31574919237067e-05
2.44632119995302e-05
1.3626515989247e-05
7.45882214462512e-06
4.01208146827906e-06
2.12071986687241e-06
1.10156704987264e-06
5.62280003587346e-07
2.82038509737011e-07
1.39020310363535e-07
6.73383028347041e-08
3.20523701375768e-08
1.49924359568459e-08
6.89125507906654e-09
3.11270898286263e-09
1.38163327007339e-09
6.02644387663057e-10
2.58311368568696e-10
1.08802780614558e-10
4.50350385549144e-11
1.83178776286082e-11
7.32173216748908e-12
2.87585240295156e-12
1.11002668190367e-12
4.21031232485919e-13
1.569311939262e-13
5.74802058133362e-14
2.06890914996888e-14
7.31776732083578e-15
2.54348887577407e-15
8.6875068277181e-16
2.91591288842567e-16
9.61762860337018e-17
3.117277961496e-17
9.92880831483624e-18
3.10765496082584e-18
9.55834124012362e-19
2.88899199707339e-19
8.58072960309546e-20
2.50447190808248e-20
7.18326987133911e-21
2.02461416656491e-21
5.60759229009764e-22
1.52624642170811e-22
4.08213118930498e-23
1.07291008339029e-23
2.77111000421624e-24
7.03328596648e-25
1.75419090699237e-25
4.29941636678996e-26
1.03551459749913e-26
2.45085160213238e-27
5.70022339409288e-28
1.30280917024297e-28
