2.79726945836706e-12
9.39636187746992e-12
3.06552621215202e-11
9.71337605569591e-11
2.98920184010302e-10
8.93429211688396e-10
2.59349207028229e-09
7.31188866455158e-09
2.00213835062838e-08
5.32449554883168e-08
1.37525338066555e-07
3.4499026739166e-07
8.40525385358434e-07
1.98890800061203e-06
4.57086531144554e-06
1.02023923923834e-05
2.21169629587359e-05
4.65659885980082e-05
9.5220845522156e-05
0.000189110267386384
0.000364769109543145
0.00068334633021121
0.00124332180161984
0.00219708116394973
0.00377075678937981
0.00628536946999752
0.0101754346832625
0.0159990796011249
0.0244318805623285
0.0362358675222815
0.0521963697515246
0.0730233586036935
0.0992209036037039
0.130937613465367
0.167820701945066
0.208903884069181
0.252561626238309
0.296556935367779
0.338196161350977
0.374583921456069
0.402948421707462
0.420987940490398
0.42717882885838
0.420987940490398
0.402948421707462
0.374583921456069
0.338196161350977
0.296556935367779
0.252561626238309
0.208903884069181
0.167820701945066
0.130937613465367
0.0992209036037038
0.0730233586036934
0.0521963697515245
0.0362358675222813
0.0244318805623285
0.0159990796011248
0.0101754346832624
0.00628536946999751
0.00377075678937978
0.00219708116394973
0.00124332180161984
0.000683346330211205
0.000364769109543145
0.000189110267386383
9.5220845522156e-05
4.65659885980081e-05
2.21169629587358e-05
1.02023923923834e-05
4.5708653114455e-06
1.98890800061201e-06
8.40525385358434e-07
3.44990267391657e-07
1.37525338066555e-07
5.32449554883166e-08
2.00213835062838e-08
7.31188866455158e-09
2.59349207028225e-09
8.93429211688396e-10
2.98920184010299e-10
9.71337605569581e-11
3.06552621215202e-11
9.39636187747002e-12
2.79726945836704e-12
8.08776906499481e-13
2.27113552072578e-13
6.19408593779506e-14
1.64070791228312e-14
4.22090120927844e-15
1.05462720899528e-15
2.55924948839593e-16
6.03178909329723e-17
1.38070068174954e-17
3.06953648669701e-18
6.62774712521297e-19
1.38988519570483e-19
2.83081701478855e-20
5.59969708651742e-21
1.07581387493106e-21
2.00738011057178e-22
3.637826326433e-23
6.4028624989278e-24
1.09452644364157e-24
1.81718109812939e-25
2.93015120631767e-26
4.58882739714493e-27
6.97964416720938e-28
1.03106183340481e-28
1.47929915399285e-29
2.06132834839196e-30
2.78970455873293e-31
3.66681599790037e-32
4.68101348173578e-33
5.80377457415843e-34
6.98877483105011e-35
8.17356329730454e-36
9.28414001045708e-37
1.02421657890236e-37
1.09739200229162e-38
1.14196199130816e-39
1.15414766386327e-40
1.1328984264846e-41
1.08004149042648e-42
1.00002250691149e-43
8.99288373588737e-45
7.8543102471175e-46
6.6624965088757e-47
5.48890616063035e-48
4.39192066827321e-49
3.41305303429149e-50
2.57603319873322e-51
1.88833804835046e-52
1.34439813455295e-53
9.29599598842944e-55
6.24286327030306e-56
4.07184828420044e-57
2.57940312599822e-58
1.58696272057471e-59
9.4827455430272e-61
5.50327656037652e-62
3.10190468503151e-63
1.6980693704831e-64
9.02822298509755e-66
4.66196485180171e-67
2.33805962281393e-68
1.13883823096553e-69
5.38751339969035e-71
2.47533827834275e-72
1.10458876430187e-73
4.78725491879494e-75
