2.77169732837296e-15
8.75582290437413e-15
2.70923833878036e-14
8.21100912255912e-14
2.43750174138316e-13
7.08748924261987e-13
2.01854747831051e-12
5.63098801777224e-12
1.53861270962652e-11
4.1178744954275e-11
1.07948341582611e-10
2.77177466786033e-10
6.97106201160614e-10
1.71727184211328e-09
4.14360386851757e-09
9.79301656015744e-09
2.26701203684894e-08
5.14032101011101e-08
1.14163095126335e-07
2.48347793659802e-07
5.29168465496573e-07
1.10440072530097e-06
2.25765974237367e-06
4.52053017663698e-06
8.86582867411825e-06
1.7031322575156e-05
3.20461965994137e-05
5.90613934127807e-05
0.000106617860472073
0.000188519081686003
0.000326497414156094
0.000553864148920972
0.000920292412160241
0.00149777820290971
0.00238763671727421
0.00372810443620816
0.00570173421468374
0.0085413190764762
0.0125326237395026
0.018011842245736
0.0253555681303776
0.0349613050308107
0.047217284097265
0.0624616494855282
0.0809328758324095
0.102715403039724
0.127686579929855
0.155472654153663
0.185422250929357
0.216605142507096
0.247841914689512
0.277766474099656
0.304918640375555
0.327859068964435
0.345294376961587
0.356197517938556
0.359907875374347
0.356197517938556
0.345294376961587
0.327859068964435
0.304918640375555
0.277766474099656
0.247841914689512
0.216605142507096
0.185422250929357
0.155472654153663
0.127686579929856
0.102715403039724
0.0809328758324094
0.0624616494855282
0.0472172840972649
0.0349613050308106
0.0253555681303776
0.018011842245736
0.0125326237395027
0.0085413190764762
0.00570173421468377
0.00372810443620817
0.00238763671727421
0.00149777820290972
0.000920292412160241
0.000553864148920971
0.000326497414156095
0.000188519081686004
0.000106617860472073
5.90613934127807e-05
3.20461965994139e-05
1.70313225751561e-05
8.86582867411825e-06
4.52053017663701e-06
2.25765974237368e-06
1.10440072530097e-06
5.29168465496576e-07
2.48347793659802e-07
1.14163095126334e-07
5.14032101011101e-08
2.26701203684896e-08
9.7930165601573e-09
4.14360386851757e-09
1.7172718421133e-09
6.97106201160614e-10
2.77177466786033e-10
1.07948341582612e-10
4.1178744954275e-11
1.5386127096265e-11
5.63098801777224e-12
2.01854747831051e-12
7.08748924261979e-13
2.43750174138316e-13
8.21100912255921e-14
2.7092383387803e-14
8.75582290437413e-15
2.77169732837298e-15
8.59396767072328e-16
2.61000119435917e-16
7.76402230965347e-17
2.26220480921609e-17
6.45618767011822e-18
1.80475996702222e-18
4.9415344783392e-19
1.3252667102627e-19
3.48131904598692e-20
8.95743037902114e-21
2.25747076448456e-21
5.57262611811846e-22
1.34740065960555e-22
3.19104319689043e-23
7.40231716001364e-24
1.68190620487943e-24
3.74313020794464e-25
8.15956816148931e-26
1.74220193908653e-26
3.64358486138212e-27
7.46377198199881e-28
1.49756925566794e-28
2.94316456545935e-29
5.66553927705607e-30
1.0682355857316e-30
1.97284018769701e-31
3.56874772706202e-32
6.32322841145227e-33
1.09738992580328e-33
1.86544369906712e-34
3.10600679414934e-35
5.06549317699514e-36
8.09170695394451e-37
1.2660697595884e-37
1.94032376662725e-38
2.91266038493331e-39
4.28257101020285e-40
6.16763088769069e-41
