6.95963573588873e-18
2.13373506010241e-17
6.43407723683573e-17
1.90819977169815e-16
5.56612816239102e-16
1.59688763147484e-15
4.50595972028033e-15
1.25052404294106e-14
3.41341096864991e-14
9.16382751713519e-14
2.41967493430433e-13
6.28389526266889e-13
1.60506506717655e-12
4.03225640712192e-12
9.9631216098503e-12
2.42122146181968e-11
5.78715868828573e-11
1.36046715210928e-10
3.14559294711202e-10
7.1533385107411e-10
1.59995152582548e-09
3.51962720090095e-09
7.61514713224e-09
1.62051003567356e-08
3.39169619290463e-08
6.98190532967441e-08
1.4135877091494e-07
2.81490250747309e-07
5.51309845360079e-07
1.06198878728176e-06
2.01203674305497e-06
3.74924375019665e-06
6.87136847146254e-06
1.23861002948364e-05
2.19592619623001e-05
3.82906448022748e-05
6.56688502759152e-05
0.00011076892439356
0.000183767309607768
0.000299854360452005
0.000481220669505695
0.000759573789386671
0.00117919997169202
0.00180051499618006
0.00270394478201305
0.00399384022682584
0.00580196825501393
0.00828994792387006
0.0116498423762216
0.0161020098928542
0.0218893024345654
0.0292668207190584
0.0384867257785914
0.0497780840404649
0.0633223728386551
0.0792260451857103
0.0974923562781052
0.117995365359221
0.140459502107803
0.164448188085306
0.189364625650732
0.214466965715917
0.238898682139773
0.261733247293399
0.282030336581794
0.29889906106706
0.311562420167686
0.319416524172251
0.322078313200415
0.319416524172251
0.311562420167685
0.29889906106706
0.282030336581794
0.261733247293399
0.238898682139773
0.214466965715917
0.189364625650732
0.164448188085305
0.140459502107802
0.117995365359221
0.0974923562781047
0.0792260451857098
0.0633223728386548
0.0497780840404648
0.0384867257785911
0.0292668207190583
0.0218893024345653
0.0161020098928541
0.0116498423762215
0.00828994792387002
0.00580196825501389
0.00399384022682579
0.00270394478201303
0.00180051499618004
0.00117919997169201
0.000759573789386663
0.000481220669505694
0.000299854360452001
0.000183767309607766
0.00011076892439356
6.56688502759147e-05
3.82906448022743e-05
2.19592619622999e-05
1.23861002948363e-05
6.87136847146245e-06
3.74924375019661e-06
2.01203674305494e-06
1.06198878728174e-06
5.51309845360074e-07
2.81490250747307e-07
1.41358770914937e-07
6.98190532967433e-08
3.39169619290463e-08
1.62051003567355e-08
7.61514713223995e-09
3.51962720090089e-09
1.59995152582547e-09
7.153338510741e-10
3.14559294711197e-10
1.36046715210925e-10
5.78715868828559e-11
2.42122146181964e-11
9.96312160985005e-12
4.03225640712185e-12
1.60506506717652e-12
6.28389526266882e-13
2.41967493430428e-13
9.16382751713499e-14
3.41341096864988e-14
1.25052404294104e-14
4.50595972028024e-15
1.59688763147483e-15
5.56612816239098e-16
1.90819977169811e-16
6.43407723683568e-17
2.13373506010238e-17
6.95963573588858e-18
2.23266887677169e-18
7.04456077405587e-19
2.18612663111842e-19
6.6724987676315e-20
2.00305780509962e-20
5.91412167969521e-21
1.71742911703999e-21
4.90522779365715e-22
1.37794325084518e-22
3.80710869572199e-23
1.03454887715858e-23
2.7650216985631e-24
7.26838405070681e-25
1.8791825999263e-25
