1.57749022796089e-23
1.04605732642973e-22
5.10842235352604e-22
2.17810667185471e-21
8.55410820626633e-21
3.1694187721356e-20
1.12223368001372e-19
3.82693351908278e-19
1.26320823404756e-18
4.0501335653689e-18
1.26452474647198e-17
3.8518275313049e-17
1.14635131139064e-16
3.33715898431593e-16
9.5113971264706e-16
2.65611979679885e-15
7.27209397286984e-15
1.95303290277237e-14
5.14747130789921e-14
1.33193085664508e-13
3.38469888617662e-13
8.44964330825108e-13
2.07277076630826e-12
4.9975939778378e-12
1.1845660786039e-11
2.76076368712871e-11
6.32770488283051e-11
1.42652413142087e-10
3.16366985097657e-10
6.90304238443562e-10
1.48211229978882e-09
3.13157496201523e-09
6.51226562273547e-09
1.33300670908093e-08
2.68598770389262e-08
5.32825650045867e-08
1.04066578255412e-07
2.00131739775786e-07
3.78992614467285e-07
7.06781762990479e-07
1.29809895808709e-06
2.34814370865757e-06
4.18370496410103e-06
7.3424452484904e-06
1.26936416117477e-05
2.16181750206451e-05
3.62709970010573e-05
5.99552274557687e-05
9.76428078603233e-05
0.000156681185723428
0.000247727280745114
0.000385946912062737
0.000592507456583214
0.000896371073695828
0.00133636289988079
0.0019634415311884
0.00284303779178508
0.00405725456628948
0.005706640866712
0.00791117649640537
0.0108100424928938
0.0145597226813112
0.0193300000542437
0.0252974938322431
0.0326365397840221
0.0415074502462964
0.0520424923183379
0.064330270368481
0.0783995560223117
0.0942039276627185
0.111608808516925
0.130382575502438
0.150193308630541
0.170612441124283
0.191126058760656
0.211153919415624
0.230075486281274
0.247261479937088
0.262108756486523
0.274075809550421
0.282715952726149
0.287705313513917
0.288863165438341
0.286162803607988
0.27973205195194
0.269843470971275
0.256895293514459
0.24138493848262
0.223877545932563
0.204972283529878
0.185269176285728
0.165338932089997
0.14569773181894
0.126788304654382
0.108967905932554
0.0925031415370594
0.0775710096550847
0.0642651053198661
0.052605677928634
0.0425521451078815
0.0340167265124608
0.0268780338106236
0.0209936974930132
0.0162113868288103
0.0123778511902798
0.0093458524877394
0.00697905277326606
0.00515506076572269
0.00376692660086741
0.00272341174130484
0.00194836034504511
0.00137947046719298
0.00096671889738392
0.00067064139375949
0.000460617680367238
0.000313262732529841
0.000210985440277941
0.00014074388267441
9.3003089567491e-05
6.0885427937054e-05
3.94943146564086e-05
2.53873777409062e-05
1.61740819301548e-05
1.02140054432529e-05
6.39444569076066e-06
3.96913047554611e-06
2.44302726907916e-06
1.49126914961092e-06
9.02884752054158e-07
5.42263539511691e-07
3.23104458487893e-07
1.91021399511253e-07
1.12067341923243e-07
6.52506614682976e-08
3.7709410460937e-08
2.16333145737869e-08
1.23212208308276e-08
6.96770811980571e-09
3.91272374431549e-09
2.1820678826093e-09
1.20865757073254e-09
6.65012275200761e-10
3.63489718789537e-10
1.97394342467936e-10
1.06512550883505e-10
5.71124676964039e-11
3.04378007194611e-11
1.60866633333525e-11
8.87244439085517e-12
