2.81872945042807e-23
1.86842754095955e-22
9.11940627181121e-22
3.88547921047205e-21
1.52459287193476e-20
5.64288862602752e-20
1.99561864500666e-19
6.79591142933402e-19
2.23977636046669e-18
7.16906356768495e-18
2.23415969446552e-17
6.79168892199545e-17
2.01689286402393e-16
5.85768422496736e-16
1.66535517128378e-15
4.63823712719436e-15
1.26629953128382e-14
3.39068034225993e-14
8.90840436533661e-14
2.29744161818242e-13
5.81791725679527e-13
1.44709900686723e-12
3.53631539526335e-12
8.49234925761315e-12
2.00456662596206e-11
4.65170111278116e-11
1.06139509188942e-10
2.38168927497459e-10
5.25652815182423e-10
1.14123978267072e-09
2.43765695529802e-09
5.12313649766891e-09
1.05953014384034e-08
2.1564929096848e-08
4.31996805786583e-08
8.51821731294016e-08
1.65343883765632e-07
3.15960081271258e-07
5.9444602005318e-07
1.10118023957169e-06
2.00862175030147e-06
3.60793018069801e-06
6.38209582662594e-06
1.11182760304645e-05
1.90766890860102e-05
3.22389825980302e-05
5.36651999800062e-05
8.79947260497526e-05
0.000142131880078812
0.000226159601556331
0.000354522843216883
0.000547514256389471
0.000833075650275144
0.00124889676981982
0.00184474613166476
0.00268490647201823
0.00385051171166502
0.00544149844667033
0.00757780195383779
0.0103993576902913
0.0140644307286649
0.0187458056489266
0.0246244452740484
0.0318803809795719
0.0406808344254706
0.0511658827262067
0.063432344046279
0.0775169411531477
0.0933801466267396
0.110892367842608
0.129824235761764
0.149842672663278
0.170514104403421
0.191315655476659
0.211654456279214
0.230894370305801
0.248388609246676
0.263515954604878
0.27571775189201
0.28453257477038
0.289625524267635
0.290809540146961
0.288056817365959
0.281499356694739
0.271418720172599
0.258226080467325
0.242434525251781
0.224626204020198
0.205417223254665
0.185423188757121
0.165227987353965
0.145357856647887
0.126262097813715
0.108301038801707
0.0917411448187784
0.0767565737305643
0.0634360355437146
0.0517935593653681
0.0417816943173002
0.0333057481898146
0.0262378609513474
0.0204299754714802
0.0157250618655874
0.0119662379071477
0.00900367863642805
0.00669940689705872
0.00493019636411128
0.00358890125076018
0.00258455970718883
0.00184161170570179
0.00129853879798706
0.000906183779104825
0.000625952506591497
0.000428045118050165
0.000289814497499673
0.000194308737881192
0.000129022479372467
8.4859068663078e-05
5.52904015795308e-05
3.56926133288289e-05
2.28319114338524e-05
1.44743597124903e-05
9.09509135578103e-06
5.66529326678185e-06
3.49866124331519e-06
2.14240511392234e-06
1.30099912919753e-06
7.83579497185928e-07
4.68138247196196e-07
2.77462268729057e-07
1.63164473447573e-07
9.52119815393207e-08
5.51383461966111e-08
3.16929835545982e-08
1.80829885514915e-08
1.02429420938662e-08
5.76070562562926e-09
3.21715078693077e-09
1.78426563185249e-09
9.82849073630735e-10
5.37773659325933e-10
2.92309551261065e-10
1.57856315164989e-10
8.47033033839261e-11
4.51649465361003e-11
2.39334788732583e-11
1.26067078096197e-11
6.58570967411968e-12
3.59094537280234e-12
