8.4400266567242e-27
5.62139226035015e-26
2.76281307314731e-25
1.18785710937386e-24
4.71310856975079e-24
1.76755985814896e-23
6.34663710767144e-23
2.19873912237025e-22
7.38671502315854e-22
2.41483218117148e-21
7.70143413724682e-21
2.40061334927586e-20
7.32434115878376e-20
2.18981832199579e-19
6.42157890931171e-19
1.8484122996507e-18
5.22580647180886e-18
1.45190007000762e-17
3.96594639028543e-17
1.06550240376993e-16
2.8164909957272e-16
7.32722470452242e-16
1.87656589388542e-15
4.73243615114184e-15
1.17542594419144e-14
2.87593656649406e-14
6.93287098089769e-14
1.64689662263583e-13
3.85569622955656e-13
8.89777312556749e-13
2.02421313882506e-12
4.5402311034184e-12
1.00413799578069e-11
2.19001123397753e-11
4.71061648591228e-11
9.99369366935705e-11
2.09135282034145e-10
4.31733321576625e-10
8.79271298128281e-10
1.76676828519663e-09
3.50279190771285e-09
6.85258281413948e-09
1.32289455612557e-08
2.52029639472722e-08
4.73867278667001e-08
8.79351829180791e-08
1.61061058648737e-07
2.91179268259982e-07
5.19626807171325e-07
9.15381548036945e-07
1.59187797180044e-06
2.73294666797736e-06
4.63214719816816e-06
7.75137500979854e-06
1.2806637791087e-05
2.08913112363468e-05
3.36499292618834e-05
5.35184717118838e-05
8.40498819394583e-05
0.000130345707686141
0.000199615649341105
0.00030188556159817
0.00045087006268812
0.000665017244288127
0.000968718973173961
0.00139366010166642
0.0019802532221002
0.00277907286241077
0.00385216575697462
0.00527407488901689
0.00713237867267383
0.00952751856317132
0.0125716752051925
0.0163864619772363
0.0210992419230968
0.0268379443039578
0.0337243620697984
0.0418660489569497
0.0513470971375084
0.0622182505023921
0.0744869770253351
0.0881082650274277
0.102977000115867
0.118922801400496
0.135708131591395
0.153030338181715
0.170528035137776
0.187791911189327
0.204379678229849
0.219834487123537
0.233705779558537
0.245571255246154
0.255058450544643
0.261864374072853
0.265771739323404
0.26666056930367
0.264514302785288
0.259419970456441
0.251562486805972
0.24121357038025
0.228716213684045
0.214465934945567
0.198890230293352
0.182427694925983
0.165508199706481
0.148535313568669
0.131871881298001
0.115829336124115
0.10066098413744
0.0865591768325241
0.0736560165293679
0.0620270356137799
0.0516971633331966
0.0426482429102408
0.0348273789180903
0.0281554666469582
0.0225353650380436
0.0178593055212075
0.0140152649952119
0.0108921592590002
0.00838382404348057
0.00639183878448562
0.00482731128728098
0.00361178020285518
0.0026774095917524
0.00196664987893177
0.0014315268030339
0.00103269904623225
0.000738400092033054
0.000523353729245278
0.000367727873748515
0.000256169555612613
0.000176945830482615
0.000121201255929346
8.23322445562753e-05
5.54716210257179e-05
3.70724897692523e-05
2.4578448056702e-05
1.6166672310412e-05
1.05509555165165e-05
6.83296567738022e-06
4.39151203924629e-06
2.80121972135199e-06
1.77357330924476e-06
1.11470613631768e-06
6.95535692136422e-07
4.30926888489874e-07
2.64578056930953e-07
1.68877757376563e-07
