4.94295644325943e-24
3.28018712997391e-23
1.60361129527081e-22
6.84704713127422e-22
2.69370972388383e-21
1.00010497021412e-20
3.54957004856707e-20
1.21368359823526e-19
4.01815476327436e-19
1.2925667023386e-18
4.05021041081474e-18
1.23856443749522e-17
3.70174252395289e-17
1.08252429758026e-16
3.10036900165967e-16
8.70285149870878e-16
2.39582599257466e-15
6.4717950661152e-15
1.716194667126e-14
4.46940974235282e-14
1.14346607190145e-13
2.87485289926539e-13
7.10464078743046e-13
1.72625642998681e-12
4.1247466289026e-12
9.69396055862956e-12
2.24126313320928e-11
5.09848486756942e-11
1.14132536105622e-10
2.51452646663826e-10
5.4529978848895e-10
1.16411767617671e-09
2.44673792766432e-09
5.0634962836078e-09
1.03187393814952e-08
2.07087544404596e-08
4.09324982018041e-08
7.96898639937449e-08
1.52823502790352e-07
2.88708329129033e-07
5.37327150211818e-07
9.85269952279841e-07
1.78005705260228e-06
3.16882872754495e-06
5.55869029454815e-06
9.6089653324313e-06
1.63693612137611e-05
2.74825698986216e-05
4.54749366644327e-05
7.41641188003274e-05
0.000119217393800249
0.000188897335030113
0.000295031387285965
0.000454236465809715
0.000689416801382817
0.00103153056297188
0.00152158639768214
0.00221278398293039
0.00317265367391634
0.0044849823762459
0.006251241822634
0.0085911706190692
0.0116421148452661
0.015556717795096
0.020498582148574
0.0266356199712756
0.0341309649909085
0.0431315472094545
0.0537547112172143
0.0660735739049994
0.0801021305408797
0.0957813875218363
0.11296797877231
0.131426766875857
0.150828806406332
0.170755740573957
0.190711222155739
0.210139331179526
0.228449265311492
0.245044883482781
0.259357076830497
0.270876507457188
0.279184061688161
0.28397644884094
0.285084741581581
0.282484264531785
0.276295025079366
0.266772751475379
0.25429145486606
0.23931916497289
0.22238902323084
0.204068200949126
0.184927126831624
0.165511276084683
0.146317339946923
0.127775027704396
0.110235130031854
0.093963867425452
0.0791430232271112
0.0658749614269994
0.0541913777134607
0.0440645298072901
0.0354197240873506
0.0281479716541769
0.0221179336304055
0.0171865171946949
0.0132077288535309
0.0100396148090572
0.00754930323224432
0.00561630128559226
0.00413428952369307
0.00301170197078671
0.00217138939189694
0.0015496453635807
0.00109483916437083
0.000765854718903265
0.000530487688200079
0.000363908261701048
0.000247258402522203
0.000166420775973856
0.000110972680176189
7.33214803450371e-05
4.80073103160694e-05
3.11529143020752e-05
2.00382148825563e-05
1.27773856627023e-05
8.07794406648275e-06
5.06393833672709e-06
3.14816264906479e-06
1.9411501225708e-06
1.18726004667336e-06
7.20391240092814e-07
4.33687990419311e-07
2.5907338753026e-07
1.53586884215729e-07
9.03691697638773e-08
5.27800294130727e-08
3.06020048876604e-08
1.76160359367941e-08
1.00691097273964e-08
5.71537114939009e-09
3.22191108685964e-09
1.80402705704013e-09
1.00340651055416e-09
5.54445158197176e-10
3.04388865190762e-10
1.66063770252315e-10
8.98310307824976e-11
5.06900334835288e-11
