9.00381173820926e-23
5.96359545341757e-22
2.90738850153378e-21
1.23690098290058e-20
4.84451155397741e-20
1.78919305979358e-19
6.31172462657398e-19
2.14332927964397e-18
7.04162414397821e-18
2.24602169835631e-17
6.97276736665127e-17
2.11088171658394e-16
6.24049795050369e-16
1.80371199075318e-15
5.1016041750746e-15
1.41307307012681e-14
3.83541474919913e-14
1.02065440872078e-13
2.66415140187751e-13
6.82371887351218e-13
1.71558351771429e-12
4.23506224255287e-12
1.0267835304338e-11
2.44551792975862e-11
5.72304328054257e-11
1.3162246271051e-10
2.9754650910917e-10
6.61256784837539e-10
1.44490328888052e-09
3.10469360229076e-09
6.56090343377084e-09
1.36371368203024e-08
2.78832667551715e-08
5.60877660120516e-08
1.11003576225748e-07
2.16166246577985e-07
4.14244049291884e-07
7.81223721213689e-07
1.45002872370542e-06
2.64904484668585e-06
4.7636665010654e-06
8.43255127787475e-06
1.46949150740579e-05
2.52109464799983e-05
4.25841047857799e-05
7.08212198203373e-05
0.000115973023938778
0.000187002544167966
0.000296929548554716
0.000464293222593768
0.000714959220534856
0.0010842678539142
0.00161947461095772
0.00238237097442825
0.00345189355813872
0.00492643733864994
0.00692549301968226
0.00959014290029131
0.0130818919251548
0.0175793015768491
0.0232719546579968
0.0303514256790323
0.0389991729388302
0.0493715998939853
0.061582934018718
0.0756870022274203
0.0916593882310631
0.109381773523043
0.128630422976952
0.149070720969098
0.170259359046424
0.191655218310192
0.212639214460434
0.232542455423543
0.250681107366363
0.266395499830583
0.279090349646006
0.288272650433187
0.293583824828274
0.294823182781703
0.291960527424044
0.285136804563608
0.274652870014753
0.260947601017584
0.244567560861226
0.226131124471478
0.206290316501733
0.185693584103014
0.164952357199797
0.144613615166549
0.125139882872057
0.106897233134354
0.0901510809854702
0.0750689006447133
0.0617285317485068
0.0501304877449599
0.0402126272719835
0.0318656665817278
0.0249482511718287
0.0193006160973917
0.0147561980850156
0.0111508781802349
0.00832980257732871
0.00615193534834522
0.00449263519709431
0.00324462324648962
0.00231773033355988
0.00163779348876141
0.00114502592591962
0.0007921254206675
0.000542322514808864
0.000367509866093101
0.000246541847062198
0.000163751411104368
0.000107699712377366
7.01521883101488e-05
4.52612883090982e-05
2.89289786427228e-05
1.83198073625582e-05
1.1496112431683e-05
7.14963082628273e-06
4.40735928742884e-06
2.69336169911995e-06
1.63188997493864e-06
9.80449012176862e-07
5.84190422988232e-07
3.45251685529424e-07
2.02406812372471e-07
1.17727431877917e-07
6.79435138458996e-08
3.89125730237285e-08
2.21185462196838e-08
1.24795867923125e-08
6.98992267475655e-09
3.88708323522585e-09
2.14637002713677e-09
1.17696576821181e-09
6.40988087783461e-10
3.46745309730878e-10
1.86334199900303e-10
9.94814109383888e-11
5.27720476986814e-11
2.78178194969368e-11
1.45728016445254e-11
7.58764296433193e-12
3.92694319611507e-12
2.02057389136187e-12
1.03127225549548e-12
5.49567405052456e-13
