2.72495710601191e-10
1.74140903315161e-09
8.06148326360574e-09
3.21052817021829e-08
1.159594691525e-07
3.88754609569189e-07
1.22355801142894e-06
3.63776561984277e-06
1.0252177582717e-05
2.74461230430868e-05
6.98907202587085e-05
0.000169452499059533
0.00039145662087899
0.000862149727785085
0.00181117012696508
0.00363073911403448
0.00694776135269599
0.0126952194348054
0.0221560264238109
0.0369396545967105
0.0588465143174912
0.0895861213998036
0.130349175167541
0.181289371717905
0.241034167234261
0.306388933962646
0.372396641386078
0.432847196999542
0.481204439222723
0.511772553020661
0.520814755573805
0.507317158641164
0.473178744786436
0.422777270608312
0.362047050485646
0.297336999652044
0.234350545563526
0.177401885919538
0.129094380740666
0.0903926355430819
0.0609664705658667
0.0396524293910687
0.0248992637637186
0.015114107259833
0.00888010470574087
0.0050566992168245
0.0027945476217323
0.00150084502603124
0.000784372392636344
0.000399434863403577
0.000198458992334392
9.63265434804305e-05
4.57302128433495e-05
2.12595652265568e-05
9.68924289658017e-06
4.33388574007034e-06
1.9044163038528e-06
8.22932943124396e-07
3.50012228890526e-07
1.46653862583706e-07
6.05826795950163e-08
2.4693347785535e-08
9.93800977070324e-09
3.95183526971403e-09
1.55364521135448e-09
6.04247385856943e-10
2.32609603669845e-10
8.86778567474885e-11
3.3495610386245e-11
1.25413102128729e-11
4.65655722979554e-12
1.71524884840782e-12
6.27035090587421e-13
2.27568113663414e-13
8.20217143731923e-14
2.93682785901799e-14
1.04492866703482e-14
3.69549053272198e-15
1.29941137499466e-15
4.54376321972652e-16
1.58044168835086e-16
5.4692616197087e-17
1.88345304133531e-17
6.45565526807404e-18
2.20274541009359e-18
7.48344328788853e-19
2.531760468737e-19
8.5308991042222e-20
2.86339753988968e-20
9.57510389776048e-21
3.19034508841481e-21
1.05929911641495e-21
3.50540441602505e-22
1.1562333721676e-22
3.8017858151119e-23
1.24626177748234e-23
4.07336206543805e-24
1.32757641394659e-24
4.31486919093497e-25
1.39866726652733e-25
4.5220493221747e-26
1.4583580825983e-26
4.69173494810246e-27
1.50582403828968e-27
4.8218775362745e-28
1.54059263641318e-28
4.91152632444745e-29
1.56253001027086e-29
4.96076501069327e-30
1.57181527881593e-30
4.970615145373e-31
1.56890581649151e-31
4.94291536105745e-32
1.55449630450215e-32
4.88018530168149e-33
1.52947426481513e-33
4.78548237783338e-34
1.49487449072743e-34
4.66225842652806e-35
1.45183442263907e-35
4.51422212359387e-36
1.40155211377006e-36
4.34521169806961e-37
1.34524802024261e-37
4.15908122144728e-38
1.28413145824059e-38
3.95960255787926e-39
1.21937221574506e-39
3.75038401058416e-40
1.15207749902519e-40
3.53480581146356e-41
1.08327414046463e-41
3.31597188624737e-42
1.01389579574017e-42
3.0966767846347e-43
9.44774712726661e-44
2.87938628298532e-44
8.76637557238182e-45
2.66622992904281e-45
8.10104725761145e-46
2.45900368323623e-46
7.45692555832154e-47
2.25918079748504e-47
6.83817850954892e-48
2.06792934015497e-48
6.24802628902222e-49
1.88625162436652e-49
5.67991675157029e-50
1.7825044684662e-50
