7.26827188716119e-13
4.70092862344635e-12
2.21379271183567e-11
9.00116119786753e-11
3.33331479812041e-10
1.15133316070967e-09
3.75602403746675e-09
1.16589774430445e-08
3.45945201500186e-08
9.84230869057806e-08
2.69056262419704e-07
7.07779593414012e-07
1.79367690605357e-06
4.38279246327088e-06
1.03326106284799e-05
2.35157807156274e-05
5.16889064303586e-05
0.000109772318493167
0.000225315915297586
0.000447117734713581
0.000858015109157239
0.00159261144142073
0.00285992077013733
0.00496941051066123
0.00835662930072883
0.013601721938376
0.0214312624655265
0.0326920341955112
0.0482860163396472
0.0690601922125298
0.0956534970739356
0.128315588097671
0.166725748753458
0.209851190426426
0.255887703513298
0.302318376217118
0.346106931213032
0.384013949212782
0.412993439805509
0.43060262632811
0.435347543734125
0.426895595339675
0.406112481527089
0.374918213031428
0.335995053025836
0.292408893100205
0.247217745911347
0.20313506800387
0.162295219575304
0.126140783365375
0.0954247466047012
0.070300967261879
0.0504669111635231
0.0353230015038037
0.0241203055907114
0.0160789730398833
0.0104704567776763
0.00666484912277123
0.00414973595381294
0.0025289788529295
0.00150957040356076
0.00088314551131235
0.000506718114535818
0.000285322917270379
0.000157768052569988
8.57204275050102e-05
4.57927800474531e-05
2.40666159631129e-05
1.24505697705601e-05
6.3439982081735e-06
3.18546119983034e-06
1.57704855980949e-06
7.70196377136158e-07
3.71239216027577e-07
1.76687846171291e-07
8.30723900730426e-08
3.86005119513263e-08
1.77336211899614e-08
8.05831409809464e-09
3.62326985363512e-09
1.61260261282072e-09
7.10686487068366e-10
3.10241725341839e-10
1.34194609877648e-10
5.75331287268953e-11
2.44556165308975e-11
1.03095838765692e-11
4.31146158020543e-12
1.78913344775693e-12
7.3689390614989e-13
3.01311583402408e-13
1.22342000203268e-13
4.93378591954282e-14
1.97661513838425e-14
7.86845290570262e-15
3.1129110392035e-15
1.22415232064643e-15
4.78600975266875e-16
1.8606124020673e-16
7.19373300367782e-17
2.76654539214904e-17
1.05845564581269e-17
4.02923514082114e-18
1.52633157018929e-18
5.7545367945909e-19
2.15955219325772e-19
8.06795345938486e-20
3.00097143665906e-20
1.11150043683203e-20
4.09973087928738e-21
1.50607241270969e-21
5.51094794691087e-22
2.00881641959944e-22
7.29507325157682e-23
2.63958121973328e-23
9.51689870105123e-24
3.41938994040332e-24
1.22442165545873e-24
4.36996283869674e-25
1.55461496887031e-25
5.51314171278377e-26
1.94911935807964e-26
6.8702318490049e-27
2.41450295095392e-27
8.46128304105304e-28
2.95681848823616e-28
1.03043358595816e-28
3.58136292941171e-29
1.24146626681514e-29
4.29244030326001e-30
1.48040346516623e-30
5.09313777413166e-31
1.74800462331445e-31
5.98512466495429e-32
2.04455267041288e-32
6.96848343587939e-33
2.36980657906095e-33
8.04158041301068e-34
2.72296754229978e-34
9.2009824714386e-35
3.10266044515826e-35
1.04414239975331e-35
3.50693167853884e-36
1.1755826335184e-36
3.93326416763683e-37
1.3135330632167e-37
4.378922416261e-38
1.45443652065466e-38
5.04077705243635e-39
