2.62685069500836e-28
1.75261361416022e-27
8.63544379548256e-27
3.72494571623089e-26
1.48391984215889e-25
5.59169128364453e-25
2.01879753529581e-24
7.03741073738824e-24
2.38060597294757e-23
7.84195723039372e-23
2.52181280773011e-22
7.93173236076929e-22
2.44353589853194e-21
7.38178631179663e-21
2.18875300374865e-20
6.37460487508424e-20
1.82475661784154e-19
5.1366876690177e-19
1.42260935467262e-18
3.8777807867062e-18
1.0406983652688e-17
2.75068892526737e-17
7.16224434664492e-17
1.83760180796778e-16
4.64666468001445e-16
1.15825170512716e-15
2.84650919642868e-15
6.89826609593242e-15
1.64872755508676e-14
3.88685448193739e-14
9.03945973245761e-14
2.07411059353246e-13
4.69584244021598e-13
1.04913431298863e-12
2.31326621644844e-12
5.03425871412869e-12
1.08142642277811e-11
2.29321090576263e-11
4.80074597563732e-11
9.92250977588866e-11
2.02493545239254e-10
4.08042067139473e-10
8.11948876989693e-10
1.59553753448485e-09
3.09644496876615e-09
5.93499012544575e-09
1.12356494602063e-08
2.1009619358264e-08
3.88060440268353e-08
7.08044004903548e-08
1.27619934452509e-07
2.27243315468986e-07
3.9975534698444e-07
6.94774027919563e-07
1.19303706571869e-06
2.02413612829478e-06
3.3932410764766e-06
5.62072349158977e-06
9.19994095872179e-06
1.48800892520977e-05
2.37829465035069e-05
3.75644451957044e-05
5.86341613566998e-05
9.04477525597442e-05
0.00013788873368364
0.000207756245787292
0.000309374013932548
0.000455331767807986
0.000662363235450808
0.000952353690275939
0.00135345440050633
0.00190126102501449
0.00263998840124938
0.00362354640269922
0.0049163926227604
0.00659401055255207
0.00874284055930546
0.0114594799336019
0.0148489724436126
0.0190220317962173
0.0240910906930793
0.0301651394439935
0.0373434143512835
0.0457081120099501
0.0553164333944695
0.0661923898138772
0.0783189174823474
0.0916309330965682
0.106010004272647
0.121281293203814
0.137213351202618
0.153521194005849
0.169872878587206
0.185899545463864
0.201208607092098
0.215399479376441
0.228080998709112
0.238889469734779
0.247506173300511
0.253673146298959
0.257206131781669
0.25800378395338
0.256052482530446
0.251426439143448
0.244283133220952
0.234854461672565
0.223434292677633
0.210363351208042
0.196012513080732
0.180765636010397
0.165003011628302
0.14908639285544
0.133346355265409
0.11807251304558
0.10350685563345
0.089840224669073
0.0772117334433675
0.0657107578961598
0.0553810083589565
0.0462261271200306
0.0382162452554653
0.0312949652984522
0.0253863035928322
0.0204012156989428
0.016243428276248
0.0128144010846273
0.010017334867726
0.0077602191472542
0.00595797512830677
0.00453379202300691
0.00341978100437088
0.00255708186944364
0.00189555625549769
0.00139319114208559
0.00101532052027111
0.000733754291973511
0.000525883930175436
0.000373815856527215
0.00026356698221022
0.000184343017421998
0.000127909188483809
8.80548168052926e-05
6.01475233760763e-05
4.07692315125949e-05
2.74242214860183e-05
1.83087478836266e-05
1.21331433796685e-05
7.96738938535481e-06
5.42423151043514e-06
