4.57961028052529e-11
2.93831906571862e-10
1.36904868092265e-09
5.49047116360961e-09
1.99953238944166e-08
6.76855410544835e-08
2.15549428923484e-07
6.50139052849433e-07
1.86475588140371e-06
5.09901658412568e-06
1.33143754620449e-05
3.32375106556452e-05
7.93930298047556e-05
0.000181582411101168
0.000397869025752231
0.00083556569768816
0.00168253885390176
0.00324967332302412
0.00602185424055445
0.0107089018373464
0.0182800203309109
0.0299574628421291
0.0471409492366102
0.0712386522223221
0.103397313473623
0.144153885846918
0.193068738783023
0.248434077187098
0.307165070408839
0.364961703338729
0.416772688572048
0.457510010454315
0.482879046794225
0.490135893609636
0.478584578489762
0.449687477056142
0.406764521951817
0.35436601489847
0.297482877565567
0.240782797499144
0.18802858716837
0.141764319172039
0.103274135647025
0.072754580536867
0.0496088541540708
0.0327713805593154
0.0209938030026887
0.0130552936624147
0.00788915028657607
0.00463743445442079
0.00265453649463465
0.00148122993498475
0.000806558031918003
0.000429021241168538
0.000223148712605497
0.000113609428130351
5.66707031707969e-05
2.77225636954404e-05
1.3311607251105e-05
6.27951891107891e-06
2.91260581613171e-06
1.32935575747188e-06
5.97494071706623e-07
2.64649880434896e-07
1.15598663301668e-07
4.98263473514456e-08
2.12059558329297e-08
8.91666607238804e-09
3.70623303902532e-09
1.52361513417572e-09
6.19790039675505e-10
2.49599308613339e-10
9.95550386723355e-11
3.93446159833263e-11
1.54127729799246e-11
5.98703121258398e-12
2.30690971238467e-12
8.82028848467962e-13
3.34738058320376e-13
1.26132550263284e-13
4.72032424260278e-14
1.75491215168474e-14
6.48317993381649e-15
2.38053437398892e-15
8.68987858420183e-16
3.15427805243415e-16
1.13873498397987e-16
4.08946724169452e-17
1.46121108369294e-17
5.19562945160566e-18
1.83871957159806e-18
6.47760683037229e-19
2.2719657504535e-19
7.9348796527687e-20
2.75988264243373e-20
9.56115102242125e-21
3.29954473326909e-21
1.13442209626999e-21
3.88617510034112e-22
1.32661563423325e-22
4.51324461654774e-23
1.5303742409807e-23
5.17265575877703e-24
1.7429183764024e-24
5.85499845588878e-25
1.96110085484334e-25
6.54986167725684e-26
2.18151201821281e-26
7.246182217921e-27
2.40059362016886e-27
7.93261136330423e-28
2.61475535294463e-28
8.59788068035408e-29
2.82048831330777e-29
9.2311498632721e-30
3.01447038106532e-30
9.82232209067824e-31
3.19365938291867e-31
1.03623154382878e-31
3.35537094529795e-32
1.08432822559104e-32
3.49733901695838e-33
1.12587718068541e-33
3.61775809179748e-34
1.16038346704009e-34
3.71530712534159e-35
1.18750702617944e-35
3.78915597147877e-36
1.20706212180907e-36
3.83895584202719e-37
1.21901202699267e-37
3.86481579801557e-38
1.22345965496922e-38
3.86726761807213e-39
1.2206349092549e-39
3.8472215660853e-40
1.21087956126367e-40
3.80591561471242e-41
1.19463045462336e-41
3.74486059558198e-42
1.17240179216147e-42
3.66578356581783e-43
1.14476719233986e-43
3.57057141379351e-44
1.11234223165096e-44
3.46120738763561e-45
1.07583766790721e-45
3.33434036729024e-46
1.07741902168343e-46
