1.85863019765528e-17
1.21835710168784e-16
5.85098303554974e-16
2.44071526414366e-15
9.33052669767853e-15
3.34820741764339e-14
1.14241435205659e-13
3.73503367892853e-13
1.17597963914831e-12
3.57792276568206e-12
1.05452200802851e-11
3.01623134321804e-11
8.38417597959173e-11
2.26732045678315e-10
5.97030809981533e-10
1.53184904781348e-09
3.83196641426637e-09
9.35027793579319e-09
2.22640213289682e-08
5.17503552023996e-08
1.17459528776701e-07
2.60403520164127e-07
5.64019847132489e-07
1.19378218435974e-06
2.4695844181667e-06
4.99421979408735e-06
9.87475684806768e-06
1.90925562138519e-05
3.6102661196417e-05
6.67737258783697e-05
0.000120812749938121
0.00021384857571393
0.000370363854244599
0.000627651494130883
0.0010409085800075
0.00168944665626295
0.00268377362649376
0.00417298180539418
0.00635147194268252
0.00946359742370853
0.0138044055216668
0.0197143973272873
0.027566260446232
0.0377419801775473
0.0505996953074408
0.0664311389489311
0.0854123768347799
0.107552570951624
0.132647279408368
0.160243912093026
0.189626980115568
0.219829426693735
0.249673569994275
0.277841290062998
0.302968617267694
0.323755609357924
0.339079182109966
0.348095102005858
0.350316071223648
0.345655725896109
0.334432975879677
0.317336630072996
0.295355686247408
0.269685065077687
0.241619220999484
0.212446632552076
0.183356748018224
0.155367989006525
0.129281577719672
0.105661999979694
0.0848414988810291
0.0669435599309023
0.0519190889094107
0.0395888482236873
0.029686475787923
0.0218977359835766
0.0158932059375709
0.0113530950313005
0.00798413298394358
0.00552934206441646
0.00377201810503477
0.00253543069352098
0.00167969641047024
0.00109707022261094
0.000706620105836986
0.000448960807771123
0.000281464786755976
0.000174162396377173
0.000106394665864024
6.41859111497632e-05
3.82500357034457e-05
2.25222946269132e-05
1.31068045675276e-05
7.54045241472586e-06
4.28968619618393e-06
2.41373953430162e-06
1.34369056565848e-06
7.40213982177203e-07
4.03615207784872e-07
2.17886796210805e-07
1.16478624246387e-07
6.16751305584457e-08
3.23531716926541e-08
1.68173985897287e-08
8.66415064882534e-09
4.42492874392338e-09
2.24070877546345e-09
1.12524478014399e-09
5.60496065045977e-10
2.76975616132829e-10
1.35809863995809e-10
6.60871913145916e-11
3.19207367553669e-11
1.53062798109337e-11
7.28747586512171e-12
3.44558613804173e-12
1.61805600549655e-12
7.54801292315028e-13
3.49818551752184e-13
1.61096070938315e-13
7.3725567329318e-14
3.3535124635986e-14
1.51630429403226e-14
6.8160371124901e-15
3.04641948910775e-15
1.35397688311167e-15
5.98476087096522e-16
2.63114776337223e-16
1.15067883455486e-16
5.00633327553347e-17
2.16714115305177e-17
9.33469892575752e-18
4.00130639389548e-18
1.70699894809275e-18
7.24828284818566e-19
3.06370442767562e-19
1.28916004988621e-19
5.40072975128033e-20
2.25278687931023e-20
9.35718694318052e-21
3.87046023691844e-21
1.59443091094178e-21
6.54195300206002e-22
2.67362039280627e-22
1.08846372082233e-22
4.41446924330155e-23
1.78388556616983e-23
7.16676938182095e-24
3.00892465340511e-24
