2.84889026225262e-07
1.28987914175781e-06
5.38232240055925e-06
2.06984481633365e-05
7.33589747283253e-05
0.000239616162787509
0.000721317310080487
0.00200117002489178
0.00511668890779944
0.0120570601062785
0.0261843156809843
0.0524068938345592
0.0966680594547234
0.164333070709864
0.257462706141301
0.371750086443359
0.494692374432284
0.606689868977366
0.68571817234677
0.714285714285714
0.68571817234677
0.606689868977366
0.494692374432284
0.371750086443359
0.2574627061413
0.164333070709863
0.0966680594547232
0.0524068938345591
0.0261843156809842
0.0120570601062785
0.00511668890779942
0.00200117002489177
0.000721317310080487
0.000239616162787508
7.33589747283253e-05
2.06984481633364e-05
5.38232240055923e-06
1.2898791417578e-06
2.84889026225262e-07
5.79895596367434e-08
1.08785569605089e-08
1.88078935708159e-09
2.99679072766844e-10
4.40068277349771e-11
5.95567649585789e-12
7.42830153922166e-13
8.53877047095337e-14
9.0458325350672e-15
8.83179818672408e-16
7.94688848663858e-17
6.59010737068251e-18
5.03657437211759e-19
3.54752448269778e-20
2.30283563160705e-21
1.37767846283135e-22
7.59591658583753e-24
3.85975638125996e-25
1.80753614307547e-26
7.80120114002496e-28
3.10301125075449e-29
1.13750316611963e-30
3.84299011430076e-32
1.19655677373312e-33
3.43356079349345e-35
9.08037035401633e-37
2.21314450766081e-38
4.97122444524773e-40
1.02911607028772e-41
1.96341786279301e-43
3.45229981355434e-45
5.59437611514574e-47
8.35491828235166e-49
1.1499531341035e-50
1.45869826078407e-52
1.70528973688482e-54
1.83729240903035e-56
1.82433996585623e-58
1.66947781856992e-60
1.40800087044356e-62
1.09439117578714e-64
7.83952286592075e-67
5.17552092693246e-69
3.14895095104534e-71
1.76573331947892e-73
9.12497572407353e-76
4.34595987675388e-78
1.90759904532687e-80
7.71677556865747e-83
2.87694813120269e-85
9.88497519097642e-88
3.13015990787965e-90
9.13492223682753e-93
2.45691750181505e-95
6.09008960551337e-98
1.39124680636408e-100
2.92908562501223e-103
5.68338849425084e-106
1.01631891690255e-108
1.67494312280622e-111
2.54400234888596e-114
3.56108500934735e-117
4.59403779297492e-120
5.46203118377832e-123
5.98495895272778e-126
6.04387628981377e-129
5.62493289467983e-132
4.82465778733406e-135
3.81384529325331e-138
2.77847836340996e-141
1.86551332509586e-144
1.15434886701447e-147
6.5829900063027e-151
3.45984545261091e-154
1.67585945132836e-157
7.48110715677361e-161
3.0778081630509e-164
1.16698321113278e-167
4.07788578990293e-171
1.31326659559277e-174
3.89778721052301e-178
1.06618052189705e-181
2.68776163906914e-185
6.24450686687544e-189
1.33706627006565e-192
2.63848790606263e-196
4.79849085960171e-200
8.04269547576815e-204
1.24235573063877e-207
1.76863289937687e-211
2.32047460688704e-215
2.80584276660664e-219
3.1267793121804e-223
3.21128254360622e-227
3.03953533427116e-231
2.65144891148959e-235
2.13160494872169e-239
1.57934702038875e-243
1.07843953431568e-247
6.78674332157795e-252
3.93617535210847e-256
2.10394721606023e-260
1.03643633937942e-264
4.70541370111071e-269
1.96879447942325e-273
7.59189761193766e-278
2.69803569454407e-282
8.8367471583931e-287
2.66737794573147e-291
7.42034456696897e-296
