2.87788855302815e-22
1.90459140137963e-21
9.27433268433736e-21
3.93952622806452e-20
1.54004949298625e-19
5.67499542960045e-19
1.99677517364994e-18
6.76071530530138e-18
2.21385520674032e-17
7.03578848936679e-17
2.1755840432124e-16
6.55775574227559e-16
1.92965323472302e-15
5.54936282099527e-15
1.56115108936587e-14
4.29942649197289e-14
1.15987346421297e-13
3.06671348972597e-13
7.95046797208002e-13
2.02179273699714e-12
5.04488051124207e-12
1.2355592642905e-11
2.97090121738441e-11
7.01497375108776e-11
1.62692709036752e-10
3.70677815477962e-10
8.29824677030177e-10
1.8256001671472e-09
3.9474556658684e-09
8.3903272601422e-09
1.75325062436902e-08
3.60215262169113e-08
7.2774511688407e-08
1.44590090320828e-07
2.82539991672153e-07
5.430515532076e-07
1.02673210917988e-06
1.909682861298e-06
3.49449544192104e-06
6.29152767903214e-06
1.11456079519795e-05
1.94291366833718e-05
3.33295912623121e-05
5.6267363222764e-05
9.34878955571478e-05
0.000152878884307441
0.000246066781031557
0.000389844126292694
0.000607966823081613
0.000933334418944842
0.0014105231283912
0.00209857814263957
0.00307388848975393
0.00443286767586347
0.00629405471088528
0.00879914660589739
0.0121123941841308
0.0164177613626831
0.0219132885614047
0.0288022352912598
0.0372808187537027
0.047522714123117
0.0596609192618694
0.073768072155979
0.0898367836879891
0.107761937303077
0.127327131745188
0.148197432826029
0.169920307613302
0.191936028151675
0.21359798550134
0.234202328816405
0.253025258494156
0.269365301631312
0.282587129253145
0.292163063163882
0.297708446179976
0.299007532328428
0.296027445534267
0.28891894701882
0.278004088741898
0.263752138035779
0.24674626996516
0.227644305351416
0.207137143140559
0.185908477423699
0.164598944057947
0.143777100623495
0.123918728056458
0.105394983469609
0.0884690509546927
0.0733002230921408
0.0599538568080938
0.048415401139074
0.0386066752837758
0.0304027414221805
0.0236480118337009
0.0181705935709389
0.013794251127381
0.0103477142273408
0.00767134447251024
0.00562138612363027
0.0040721605299916
0.00291662796045614
0.00206574810716247
0.00144703716063308
0.00100266076006385
0.000687331934949528
0.000466211955304101
0.000312947048293187
0.000207919384515728
0.000136748227455674
8.9046476988937e-05
5.74176622907678e-05
3.66668048870558e-05
2.31933823274105e-05
1.45339201716736e-05
9.02386973924323e-06
5.55210125967056e-06
3.38562623138425e-06
2.04644296459215e-06
1.22631078348562e-06
7.28622014850966e-07
4.29303787773888e-07
2.50868968272987e-07
1.45414358971307e-07
8.36186813152795e-08
4.77080591188121e-08
2.70102447401484e-08
1.51763984142216e-08
8.46382357635033e-09
4.6857118226951e-09
2.57542077345436e-09
1.40551718259078e-09
7.61711150212372e-10
4.09978083829422e-10
2.19177653790175e-10
1.16397991409402e-10
6.1412348340935e-11
3.2193894046045e-11
1.67704472639372e-11
8.68188479885564e-12
4.467100424515e-12
2.28466748168487e-12
1.16157814247303e-12
5.87139782979984e-13
2.95114479009468e-13
1.47162284966593e-13
7.6643034952089e-14
