4.73225612505957e-27
3.15281563848087e-26
1.55022754101588e-25
6.66891141161102e-25
2.64789842845904e-24
9.93862887184474e-24
3.57197986912121e-23
1.23881344544903e-22
4.1668108442784e-22
1.36399443053036e-21
4.3563534828249e-21
1.36004108359777e-20
4.15651127433893e-20
1.24494810226682e-19
3.65779923382105e-19
1.05502767615882e-18
2.98921644883674e-18
8.32399658094837e-18
2.27921473212009e-17
6.13886689936426e-17
1.62700807248033e-16
4.24444218783984e-16
1.09017684563672e-15
2.75754244494719e-15
6.87051574524105e-15
1.68648443846295e-14
4.0792234039651e-14
9.72398852240242e-14
2.28479395966278e-13
5.29229583250836e-13
1.20862065238114e-12
2.72166809230417e-12
6.04402827515862e-12
1.32375549697539e-11
2.8596968792166e-11
6.09398793061403e-11
1.28111660605556e-10
2.65714484758438e-10
5.43767675743536e-10
1.09802810894354e-09
2.18798397430491e-09
4.30261626039156e-09
8.3503501321155e-09
1.59950223610605e-08
3.02410177958028e-08
5.64366867253692e-08
1.03968381547638e-07
1.89075761198305e-07
3.39456744733398e-07
6.01679737511018e-07
1.05292207541236e-06
1.8192557790611e-06
3.1036594507443e-06
5.22820428278823e-06
8.69649051552919e-06
1.42844240235001e-05
2.31698045291361e-05
3.71138622622015e-05
5.8710643921737e-05
9.17226935453786e-05
0.000141523317810902
0.000215666204098281
0.000324601428584547
0.00048255196147366
0.000708555595068043
0.00102766280946391
0.00147226074035115
0.00208346692764645
0.00291250449496335
0.00402193448618401
0.00548658417622787
0.00739397653068565
0.00984404109671529
0.0129478768194783
0.0168253491781857
0.0216013435276566
0.0274005677289181
0.0343409011954662
0.0425254214632244
0.0520333956160608
0.0629106896917839
0.0751602074519659
0.0887331004644418
0.103521573278914
0.119354121431849
0.135993971909978
0.153141339178924
0.170439868621456
0.187487327977938
0.203850251508041
0.21908187500106
0.232742361307503
0.244420044874539
0.253752254095345
0.260444226656494
0.264284726513718
0.265157197099535
0.263045623787098
0.258034696092947
0.250304313935554
0.240118925925198
0.227812576545336
0.213770836008142
0.198410966035284
0.182161725575168
0.165444146023473
0.148654422678616
0.132149804993426
0.116238055856809
0.101170724455614
0.0871401704359717
0.0742800153326695
0.0626684986077055
0.0523340891099577
0.0432626486068247
0.0354054551781544
0.0286874583239312
0.0230152392358744
0.0182842726653352
0.014385216153445
0.0112090755398839
0.00865120339166991
0.00661417358376725
0.0050096383250477
0.0037593138359321
0.00279526008067556
0.0020596221561106
0.00150399043357014
0.00108851762763113
0.000780907479929658
0.00055536486688067
0.000391573238036865
0.000273743948592572
0.000189764144788136
0.000130455706084274
8.89472362857331e-05
6.01538471884868e-05
4.03549641808845e-05
2.68580245549055e-05
1.77351765311668e-05
1.16204238271883e-05
7.55568605470844e-06
4.87563974153658e-06
3.12273510624273e-06
1.98529207034449e-06
1.25296078550718e-06
7.85145768035731e-07
4.87548908730764e-07
3.14612543223129e-07
