6.24309604188412e-16
4.07660492111346e-15
1.9467122652444e-14
8.06081692724541e-14
3.05347166314432e-13
1.08380851688953e-12
3.65112240446932e-12
1.17638374924965e-11
3.64310357482194e-11
1.08807873445645e-10
3.1416510467384e-10
8.78478206837716e-10
2.38209671948586e-09
6.27036564056855e-09
1.60357044342811e-08
3.98688362043256e-08
9.64200735286278e-08
2.2692872104642e-07
5.19959799020028e-07
1.16026017007934e-06
2.52217279880516e-06
5.34246409795477e-06
1.10295234245356e-05
2.21978446449513e-05
4.3559752464352e-05
8.33593623297189e-05
0.000155591116661567
0.000283294198544423
0.000503232550097873
0.000872225651579365
0.00147524704577425
0.00243511420203572
0.00392312537068892
0.00616935860957927
0.00947059027607504
0.0141930409679451
0.0207666175454792
0.029667248282978
0.0413845693439127
0.0563738084141611
0.0749932539181229
0.0974319752407312
0.12363596241097
0.153243825009666
0.185544754700779
0.219470835416008
0.253632547386794
0.286400581005045
0.316029630914326
0.340812027974051
0.359242541150125
0.370172006846199
0.372927670640032
0.367382473739968
0.353963258273666
0.333597479086929
0.307607543749338
0.277569462030186
0.245156691578034
0.211990355281932
0.179513700693098
0.148902816642539
0.121018653272916
0.0963987567627443
0.0752819629060827
0.0576562224135096
0.0433188433599234
0.0319393806251103
0.0231175648977786
0.016431363249879
0.0114729070666744
0.00787220125433585
0.00531003932704754
0.00352237178908764
0.00229861503414124
0.00147621205005444
0.000933340970414783
0.000581163054849261
0.000356514967099201
0.000215543206426649
0.000128475642604655
7.55245838114248e-05
4.38012022204056e-05
2.5070361280732e-05
1.41662931238141e-05
7.90522874737496e-06
4.35786676965733e-06
2.37394432989424e-06
1.27831229533782e-06
6.80617274501971e-07
3.58422390130994e-07
1.86739809783444e-07
9.62827766338065e-08
4.91413806104219e-08
2.4834027038093e-08
1.24296490324251e-08
6.16297325664785e-09
3.02793208449094e-09
1.47444347721384e-09
7.11762409138733e-10
3.40692644661888e-10
1.6173510385764e-10
7.61640289679068e-11
3.5586654516381e-11
1.6500646495172e-11
7.5940533332131e-12
3.4696450429745e-12
1.57402845128571e-12
7.09138849958162e-13
3.17332022251972e-13
1.41068798423537e-13
6.23090104670767e-14
2.73488988329818e-14
1.19305976866541e-14
5.17344967353387e-15
2.2302540652838e-15
9.55967470398202e-16
4.07477245858427e-16
1.72738911952154e-16
7.28378317374649e-17
3.05531289025651e-17
1.27507733493036e-17
5.29478479844136e-18
2.18795514588465e-18
8.9981410408191e-19
3.68329139645199e-19
1.50083027313232e-19
6.08809425511238e-20
2.45881745290794e-20
9.88794444185548e-21
3.95967100814028e-21
1.57914858960424e-21
6.27240497235569e-22
2.48157701193724e-22
9.7799893865908e-23
3.83971862833569e-23
1.50190796214268e-23
5.85331315432724e-24
2.27303162968732e-24
8.79598345085267e-25
3.39209224380526e-25
1.30371773046352e-25
4.99412889635893e-26
1.90687856369989e-26
7.25771109636812e-27
2.75367907377712e-27
1.04167002798525e-27
3.92039378436097e-28
1.54136342747348e-28
