9.70110311267569e-20
6.39090352724946e-19
3.09141277928899e-18
1.30182080526547e-17
5.03507526877342e-17
1.83205708455086e-16
6.35251427537402e-16
2.11539848129072e-15
6.79936720492377e-15
2.11681611713334e-14
6.39914422644911e-14
1.88188871358596e-13
5.39162370235172e-13
1.50655778000613e-12
4.10944101571131e-12
1.09503658806309e-11
2.85224634665181e-11
7.26573340607131e-11
1.81089985910848e-10
4.41768050952839e-10
1.05516494338304e-09
2.46829314480804e-09
5.65631389488277e-09
1.27007380913183e-08
2.79493392786715e-08
6.02894467584957e-08
1.27500254100923e-07
2.64391434259226e-07
5.37664546671785e-07
1.07240638656937e-06
2.0981829101793e-06
4.02727613114705e-06
7.58417361299774e-06
1.40144311477021e-05
2.54127547303549e-05
4.52244405919981e-05
7.89902737030711e-05
0.000135420562166121
0.000227895554924499
0.000376491560308693
0.000610617277986305
0.000972304419854726
0.00152012172035106
0.00233356497752841
0.00351761578646829
0.0052069644693371
0.00756917640869989
0.0108058774145959
0.0151508882932701
0.0208642064594258
0.0282208696934282
0.0374940895792412
0.0489326296461367
0.062733205426726
0.0790096297372168
0.0977613935552655
0.118845196052166
0.14195343303041
0.166603653007501
0.19214238101803
0.217765469314832
0.242555353091503
0.265533475842516
0.285724003460942
0.302223114427965
0.314266963234555
0.321291108891483
0.322974884872337
0.319265798760027
0.31038136465798
0.296788440963436
0.27916276319078
0.258333535974367
0.235219377792593
0.210762432257527
0.185867065607885
0.161348402651266
0.137894261840972
0.116042135876317
0.0961710227323979
0.0785063838918627
0.0631354457970943
0.050029524178611
0.0390700077352293
0.0300749909115583
0.0228241623942071
0.0170802965763668
0.0126064362034672
0.00917850358165056
0.00659358003551878
0.00467442882370304
0.00327101360573682
0.00225980949690822
0.00154165243825361
0.0010387617781045
0.000691432860571709
0.0004547558308837
0.000295590291189385
0.0001899217777044
0.000120648162157453
7.57907257878198e-05
4.70921197677049e-05
2.89470216107959e-05
1.76063291338265e-05
1.0598097978176e-05
6.31488051837549e-06
3.72531756999578e-06
2.17622690379764e-06
1.25912359491171e-06
7.21664374972455e-07
4.09810478218803e-07
2.30615578626369e-07
1.28625663910838e-07
7.11171465845976e-08
3.89853732104267e-08
2.11924604526339e-08
1.14257223086193e-08
6.11051029519763e-09
3.2421298836232e-09
1.70690237809871e-09
8.91819962687821e-10
4.62486943303711e-10
2.38088142239699e-10
1.21689460380634e-10
6.17596289066901e-11
3.11280002822183e-11
1.55829488435845e-11
7.74917989826432e-12
3.82845969268954e-12
1.87935144190046e-12
9.16768466154195e-13
4.44457315043075e-13
2.14175115960299e-13
1.02594771610204e-13
4.88591955980811e-14
2.31354939993391e-14
1.08935160425164e-14
5.10103882583231e-15
2.37571222674465e-15
1.10056600845038e-15
5.0718552737482e-16
2.32534069050637e-16
1.06075447490138e-16
4.81493409666319e-17
2.17495805013153e-17
9.77757726947311e-18
4.37536594793429e-18
1.94449507278912e-18
9.03192693125001e-19
