1.17628275054831e-14
7.65282563069107e-14
3.63513142348558e-13
1.49475442016904e-12
5.61343229332456e-12
1.9718814110318e-11
6.56252436321681e-11
2.08496529469475e-10
6.35447052152389e-10
1.86398275192863e-09
5.27464383470426e-09
1.4423363919999e-08
3.81603603234441e-08
9.77811024611771e-08
2.42844880955017e-07
5.84931967687457e-07
1.36712354963886e-06
3.10187553590643e-06
6.83464838251081e-06
1.46292771419949e-05
3.04275495677401e-05
6.151159193584e-05
0.000120889747746835
0.000231020772166826
0.00042935786606568
0.000776184106493972
0.00136505551549015
0.00233578815245162
0.00388925295143375
0.00630225437918596
0.00993953478928355
0.01525866615814
0.0228026157470487
0.0331745748920003
0.0469907208614626
0.0648093084071442
0.0870388987090633
0.113834164424874
0.144993524123287
0.179877358710834
0.21736710367376
0.255882789598254
0.293469171993146
0.327949230201201
0.357130578483096
0.37903817727455
0.392138779840481
0.395521177041387
0.389002367424782
0.373142249469967
0.349165587975089
0.318806168978974
0.284100615492869
0.247165728053321
0.209992554440991
0.174283565032381
0.141348541841272
0.112062901474055
0.0868817741674398
0.0658960397589769
0.0489133698723262
0.0355478186822328
0.0253046220788294
0.0176513099471008
0.0120708085355532
0.00809604670327553
0.005328239709156
0.00344244303592824
0.00218434255218569
0.00136189719834414
0.000834709589175678
0.000503142005044925
0.000298403987986593
0.000174208772071674
0.000100155895995021
5.67297392982745e-05
3.16705840097268e-05
1.74337952520777e-05
9.46660066153045e-06
5.07263943441075e-06
2.68336094085371e-06
1.40182037188833e-06
7.23489803635517e-07
3.6902296091557e-07
1.86082261547042e-07
9.279667175726e-08
4.57800703373381e-08
2.23497951059168e-08
1.08007955475606e-08
5.16833752330705e-09
2.44952880869109e-09
1.15019200851867e-09
5.35216889570175e-10
2.4687244224254e-10
1.1290330196115e-10
5.12077992761685e-11
2.30388960904423e-11
1.02844364721717e-11
4.556028843969e-12
2.00341158613809e-12
8.74619480188209e-13
3.79155922056377e-13
1.63247992673364e-13
6.98213009966769e-14
2.96697696852146e-14
1.25285275354101e-14
5.25795019457952e-15
2.19347167930562e-15
9.09730903375644e-16
3.7516577145158e-16
1.53859619537835e-16
6.27591508768525e-17
2.54646790847685e-17
1.02793101807923e-17
4.12865299314717e-18
1.65015106809126e-18
6.56387798817222e-19
2.59876908993373e-19
1.02421854613769e-19
4.01865910146003e-20
1.56992053144101e-20
6.10696068184028e-21
2.36572993517879e-21
9.12721185164613e-22
3.50738233919519e-22
1.34257326106527e-22
5.11964103712094e-23
1.94501647688306e-23
7.36247546873968e-24
2.77699280888373e-24
1.04377884148665e-24
3.90981875446015e-25
1.45965360624143e-25
5.4314748952259e-26
2.01460280281512e-26
7.44891197212973e-27
2.74571381626212e-27
1.00902799037112e-27
3.69711051206159e-28
1.35069709469439e-28
4.92055581613655e-29
1.78753562083285e-29
6.47593722662207e-30
2.33980869793409e-30
8.43159531172923e-31
3.03047281880853e-31
1.08653048682232e-31
3.87808439703158e-32
1.44538867669599e-32
