4.02854083121792e-13
2.60777723030992e-12
1.22974320507417e-11
5.00867836962455e-11
1.85882178491908e-10
6.43709406385551e-10
2.10648162970954e-09
6.56238152815425e-09
1.95538863052694e-08
5.59010757473999e-08
1.53657672304298e-07
4.06726648821551e-07
1.03791035200414e-06
2.55566857659465e-06
6.07625138381073e-06
1.3957138663705e-05
3.09876617815918e-05
6.65249926423029e-05
0.00013814423457925
0.000277563267213691
0.000539742103723823
0.00101602929779291
0.00185187177108426
0.00326873324447746
0.00558833372276571
0.00925512371134469
0.0148503030729364
0.023088310326676
0.0347855342564051
0.0507922261927382
0.0718832398086967
0.0986116277463257
0.131140410539985
0.169079673283325
0.211364997050249
0.256215208651031
0.301199655026622
0.343427217409995
0.379843902053698
0.407598983428852
0.424418849389703
0.428919665516028
0.420798291970478
0.40086436315593
0.370909234015069
0.333440886458133
0.291339113938102
0.247496361665587
0.204504967441656
0.164434226195742
0.128716759784414
0.0981399812286671
0.0729205158123648
0.0528301334856235
0.0373410489739727
0.0257642087992479
0.017363288533615
0.0114365959231714
0.00736681779231979
0.00464357859793157
0.00286607847086063
0.00173323922642989
0.00102762759680326
0.000597708352292527
0.00034126015554248
0.000191375764944212
0.000105475374307895
5.71650157637657e-05
3.04839441929153e-05
1.60034540083095e-05
8.27544881790834e-06
4.21726888359444e-06
2.11910518692265e-06
1.05043129113205e-06
5.13903906664464e-07
2.48252335967488e-07
1.18465748266044e-07
5.58681275061254e-08
2.60485870825719e-08
1.20122141458231e-08
5.48080400321673e-09
2.47516878355858e-09
1.10676518521652e-09
4.90163554094435e-10
2.15080131743905e-10
9.35333707499183e-11
4.03243835534308e-11
1.72395682061861e-11
7.31072019779815e-12
3.07596870251363e-12
1.28439875858093e-12
5.32375303166017e-13
2.19096588008065e-13
8.95465016679214e-14
3.63537054119381e-14
1.46630349325523e-14
5.87704127867068e-15
2.3411783671371e-15
9.27105485440964e-16
3.65020807498466e-16
1.42913063177856e-16
5.56495032786666e-17
2.15552106899562e-17
8.30632427115785e-18
3.1848772947405e-18
1.21524265867423e-18
4.61505450517379e-19
1.74457289990332e-19
6.56527282127389e-20
2.45990752054623e-20
9.17775075252016e-21
3.40998586783373e-21
1.261866517694e-21
4.65117665049522e-22
1.70782492594222e-22
6.24735229009446e-23
2.27698623126183e-23
8.26941601362785e-24
2.9927902307834e-24
1.07944481436355e-24
3.88044810515505e-25
1.39044553375326e-25
4.96648413448808e-26
1.76847264596313e-26
6.27815612342143e-27
2.22218201205715e-27
7.84276586283449e-28
2.76012303314557e-28
9.68687757105362e-29
3.39047968032398e-29
1.18354682394254e-29
4.12079438612123e-30
1.4311038764118e-30
4.95768455993479e-31
1.71327183548706e-31
5.9065623884196e-32
2.03153967394961e-32
6.97136895579882e-33
2.38689190017535e-33
8.15433354518835e-34
2.77973764804733e-34
9.45576827112013e-35
3.20985241134592e-35
1.08739069303779e-35
3.67633547871036e-36
1.24047576694224e-36
4.17788786364067e-37
1.40176843991849e-37
4.90817036946172e-38
