2.23350502862732e-13
1.44717779339259e-12
6.83308206551607e-12
2.78781057963996e-11
1.03678113947355e-10
3.59948133623756e-10
1.18143904259114e-09
3.69352375251554e-09
1.10504061698353e-08
3.17386924814701e-08
8.77042582421558e-08
2.33536201383298e-07
5.99922796844101e-07
1.48809834874288e-06
3.56671852090998e-06
8.26523140501027e-06
1.85266231872877e-05
4.01853095777212e-05
8.43759536784472e-05
0.000171546415768465
0.000337809306232153
0.000644452158283365
0.00119132298825322
0.00213436560552756
0.00370664078939373
0.00624063609731927
0.0101875905728966
0.0161272464293538
0.0247595130151438
0.0368689035085483
0.0532543044975051
0.0746214478605359
0.101443471492356
0.133805190083192
0.17125692489588
0.212710804729804
0.256413068561781
0.300017836567881
0.340771020718572
0.375790283228292
0.402403499872447
0.418490515970596
0.42276674299604
0.414955148159427
0.395814213929004
0.367018371912748
0.330916760925283
0.290218438784736
0.247662235217062
0.205725871349786
0.166414226732403
0.1311458013688
0.100735380061889
0.0754545165170369
0.0551423902135747
0.0393380932547655
0.0274098208725442
0.0186641600554996
0.0124270892065428
0.00809547574813656
0.00516277641420105
0.00322514868588255
0.00197469273389991
0.0011857410892811
0.000698676737880197
0.00040421434305761
0.000229744835779147
0.0001283582855097
7.05321301786539e-05
3.81391210251105e-05
2.03050927794133e-05
1.0649126329069e-05
5.50447059749375e-06
2.80557048811425e-06
1.41070372367488e-06
7.00096317664458e-07
3.43066934589953e-07
1.6606731284137e-07
7.94423869431883e-08
3.75712283333186e-08
1.75735420324736e-08
8.13249180938954e-09
3.72479138086247e-09
1.68904782628707e-09
7.58552404419883e-10
3.37496540506525e-10
1.48807306573064e-10
6.5039369760888e-11
2.81868474376203e-11
1.21157691834902e-11
5.16655884309638e-12
2.18627533710719e-12
9.1825725194018e-13
3.82894212973183e-13
1.58541572180199e-13
6.5200167701149e-14
2.66368683113306e-14
1.08126165990009e-14
4.36186939691576e-15
1.74898718107932e-15
6.97184338716448e-16
2.76329787593888e-16
1.08917130955732e-16
4.26992065734302e-17
1.66518602231765e-17
6.46080862267093e-18
2.49431737581015e-18
9.58328989875451e-19
3.66463642764729e-19
1.39493443777326e-19
5.28609178971158e-20
1.99444997170442e-20
7.49319317053078e-21
2.80357489445132e-21
1.04472830832205e-21
3.87778306341555e-22
1.43381827843671e-22
5.28171877074344e-23
1.93849972301863e-23
7.08929390322333e-24
2.5835876858219e-24
9.38342627038385e-25
3.39665619157339e-25
1.22553701281211e-25
4.40775773087763e-26
1.58036053749924e-26
5.64900008463226e-27
2.01322709538553e-27
7.15397925724704e-28
2.53491496470133e-28
8.95707440432853e-29
3.15632344757754e-29
1.10926179763778e-29
3.88819299379605e-30
1.35939614137274e-30
4.74079629389768e-31
1.64924631835609e-31
5.7236097162351e-32
1.981643134872e-32
6.84497596155185e-33
2.35900568660191e-33
8.11176982481648e-34
2.78323761875868e-34
9.52907937208637e-35
3.25563065686146e-35
1.10998804285894e-35
3.77705660525109e-36
1.28023331854612e-36
4.52893673822037e-37
