1.22167626917165e-07
7.19594779562914e-07
3.01892944411204e-06
1.15469705812685e-05
4.07957773132433e-05
0.000133292430139014
0.000402913915434685
0.00112713943835753
0.00291897993537981
0.00699984844270147
0.0155471521903099
0.0319890814938912
0.0609829499366015
0.107726218934396
0.176350382002491
0.267544839275467
0.376180174517558
0.490211046111117
0.592060565310571
0.66276149759019
0.687667223509377
0.661403329081733
0.58976607624335
0.487646061245127
0.373992014084605
0.26614414652262
0.175826957240661
0.107906828489346
0.061569562390339
0.0326956713718178
0.0161804369159681
0.00747438368966426
0.00322943097045627
0.0013083641585697
0.000498557208762404
0.000179349929844275
6.1181578092082e-05
1.98948072396376e-05
6.2035632769212e-06
1.8670666937199e-06
5.46083919301441e-07
1.56263537194269e-07
4.40177745148838e-08
1.22694961131798e-08
3.3977550328072e-09
9.3743281429889e-10
2.58131289364235e-10
7.10123572010653e-11
1.95275581522062e-11
5.36895331553073e-12
1.47606187396426e-12
4.05798482615908e-13
1.11561269179336e-13
3.06701333842946e-14
8.4317490101921e-15
2.31803305395083e-15
6.3726720178169e-16
1.75195726217544e-16
4.81643216033269e-17
1.3241201284913e-17
3.64023421541538e-18
1.00076306204371e-18
2.75126996529337e-19
7.56371483822235e-20
2.07939543831149e-20
5.71661608264286e-21
1.57159618772981e-21
4.32058851177042e-22
1.18780417220329e-22
3.26547818117818e-23
8.9773617581853e-24
2.46803131626652e-24
6.78504302504964e-25
1.86532514998295e-25
5.12810000218602e-26
1.40980298435694e-26
3.87579113873458e-27
1.06552171599675e-27
2.92930265491897e-28
8.05315735502241e-29
2.21395161322262e-29
6.08653417486512e-30
1.67329304039654e-30
4.60017066954454e-31
1.26466612111904e-31
3.4767849125577e-32
9.55828034477012e-33
2.62773583776309e-33
7.22409825198591e-34
1.98602899136054e-34
5.4599356444803e-35
1.50103031584873e-35
4.12659078019481e-36
1.13447085561095e-36
3.11885571112985e-37
8.57427134310017e-38
2.35721482089583e-38
6.4803893992955e-39
1.7815706228481e-39
4.89784438654321e-40
1.3465017511595e-40
3.70176514969929e-41
1.01767897529493e-41
2.79777472334101e-42
7.6915644251149e-43
2.11454349101582e-43
5.81324413119062e-44
1.5981609019821e-44
4.39361948506559e-45
1.2078816441828e-45
3.32067460851578e-46
9.12910624045595e-47
2.50974848712389e-47
6.89973071044691e-48
1.89685476934941e-48
5.21478035447931e-49
1.43363290563307e-49
3.94130369527161e-50
1.08353224576009e-50
2.97881670222574e-51
8.18927999621683e-52
2.25137407099696e-52
6.18941495454912e-53
1.70157673809543e-53
4.67792742430271e-54
1.28604279178952e-54
3.53555306078804e-55
9.71984410274082e-56
2.67215249657511e-56
7.34620729455851e-57
2.01959886959272e-57
5.55222501967979e-58
1.52640225409588e-58
4.19634260688405e-59
1.15364683372934e-59
3.1715737766273e-60
8.71920238195694e-61
2.39705885884734e-61
6.58992751982537e-62
1.81168453816916e-62
4.98063272466577e-63
1.3692616907229e-63
3.76433614271244e-64
1.03488081547095e-64
2.845065771282e-65
7.82155910445071e-66
2.1504016944851e-66
5.90306347505714e-67
1.68658956430204e-67
