8.20752777283624e-30
5.48460956760628e-29
2.70854665921188e-28
1.17183273058919e-27
4.68538725666429e-27
1.77319877001039e-26
6.43385567502001e-26
2.25546948972131e-25
7.67776822449108e-25
2.54665761212335e-24
8.2514542749842e-24
2.61654604344116e-23
8.1318875733771e-23
2.47978976603035e-22
7.42674293223232e-22
2.18609931762798e-21
6.32852790002264e-21
1.80271777247327e-20
5.05524737642354e-20
1.39610232190097e-19
3.79840239079338e-19
1.01841403821486e-18
2.69155585784302e-18
7.01360812381393e-18
1.8023187824378e-17
4.56833236639355e-17
1.14234164477243e-16
2.81848782150057e-16
6.86249389053038e-16
1.64911974020891e-15
3.91184035927321e-15
9.16049899569374e-15
2.11793718133477e-14
4.83511360198166e-14
1.09003608442606e-13
2.42691206176192e-13
5.33681651847493e-13
1.15920322154648e-12
2.48724215071439e-12
5.27215419626847e-12
1.10407466532262e-11
2.28442221257176e-11
4.67033259582973e-11
9.43490211490844e-11
1.88351294834574e-10
3.71589824230652e-10
7.24509938422428e-10
1.39614521754843e-09
2.65914504042746e-09
5.00607411712893e-09
9.31567162925814e-09
1.71360135046673e-08
3.11602204302609e-08
5.60147052318163e-08
9.95472976697405e-08
1.74903003565897e-07
3.03822098967086e-07
5.2180610146042e-07
8.86093505958304e-07
1.48779468591407e-06
2.4700827703219e-06
4.05505416450963e-06
6.58278510565527e-06
1.0567236344753e-05
1.6774995766783e-05
2.63343679555469e-05
4.08839462642356e-05
6.27714036513199e-05
9.53146057697049e-05
0.000143137989277719
0.000212597073748196
0.000312302514745645
0.000453751723684986
0.000652070223885448
0.000926856080163825
0.0013031085763413
0.00181220672955755
0.00249288452319806
0.00339212873051101
0.00456590332567874
0.00607958384125214
0.00800796836704167
0.0104347224280483
0.0134511161961756
0.0171539277041893
0.0216424176297117
0.027014331310719
0.0333609517284841
0.0407613108616436
0.0492757612474473
0.0589392075198947
0.0697543897781054
0.0816856861477277
0.0946539497945709
0.108532905894895
0.123147599053284
0.138275297564316
0.153649128771563
0.168964546062426
0.183888524617259
0.198071166399872
0.211159184697594
0.222810555609538
0.232709487862423
0.24058078924731
0.246202708193391
0.249417405743126
0.25013836186192
0.248354228468565
0.244128891368618
0.23759777168144
0.228960659896346
0.218471608881683
0.206426596053403
0.193149785140154
0.178979267128615
0.164253137951844
0.149296684105374
0.134411309123065
0.119865660091369
0.105889222324106
0.0926684599071878
0.08034540592764
0.0690184612445604
0.0587450527864132
0.0495457351985809
0.0414092926200693
0.0342984063208278
0.028155492217182
0.0229083717763931
0.018475511984466
0.0147706468349936
0.0117066673180892
0.00919873385134954
0.00716662096009732
0.00553634695257285
0.00424117101712857
0.00322205744765116
0.00242771326110742
0.00181430345964545
0.00134493992059084
0.000989027593553208
0.000721537304193909
0.000522259602416975
0.000375079968045712
0.000267302417477335
0.000189051403882478
0.000132498657370565
9.5949851834987e-05
