1.07595472423924e-16
7.03979697954078e-16
3.37154640479826e-15
1.40140815113637e-14
5.33376245136602e-14
1.90391905906125e-13
6.45640255100321e-13
2.09607046260082e-12
6.54725549237421e-12
1.97438440402987e-11
5.76209040230957e-11
1.6303644387485e-10
4.47855781632916e-10
1.19564321968959e-09
3.10485610468313e-09
7.84792580755942e-09
1.93191032150305e-08
4.63386381131127e-08
1.08342476515317e-07
2.47004204385289e-07
5.49277389417575e-07
1.19172760103114e-06
2.52326834593927e-06
5.21487090770364e-06
1.0522059398744e-05
2.07305355721265e-05
3.98879348880837e-05
7.49646435550915e-05
0.0001376298377954
0.000246866650049258
0.000432667429446458
0.000741024139202515
0.00124033179605769
0.00202912461896005
0.00324474185094801
0.00507206828725256
0.00775094160272548
0.0115802388747087
0.0169161747136282
0.0241621347201832
0.033747621604649
0.0460947721792701
0.0615724904292147
0.0804404665245759
0.102787955648461
0.128474723733296
0.157083442481033
0.187893423501103
0.219884444907157
0.251776362901163
0.282105449562117
0.309332632207331
0.331973057198456
0.34873183870592
0.358628533099236
0.361093457765668
0.356022515382991
0.343783117053968
0.325171019814267
0.301325030238111
0.273612246303181
0.243499832082028
0.212429811745962
0.181711202565856
0.152439661165421
0.125449675366232
0.101299229159906
0.0802826602729648
0.0624646559044424
0.0477271594481346
0.0358212293620956
0.0264172193268603
0.0191485616608025
0.013646481182925
0.0095647941497903
0.00659534487554433
0.00447552536040165
0.00298974176791588
0.00196673324769569
0.0012744372972283
0.000813751180906464
0.000512157281340159
0.000317827349032375
0.000194532408796505
0.000117473729283616
7.00118328143263e-05
4.11923101805817e-05
2.39334388470633e-05
1.37361976954759e-05
7.78980347957637e-06
4.36625213556933e-06
2.41955167246582e-06
1.32593970196224e-06
7.1877329582959e-07
3.85525700735468e-07
2.04653585079304e-07
1.07547117750929e-07
5.5962583886532e-08
2.88416339170933e-08
1.4725363835689e-08
7.44962904868686e-09
3.73526574568658e-09
1.85660654412213e-09
9.14998820298652e-10
4.47210289310732e-10
2.16810109033393e-10
1.04281501379644e-10
4.97709835820852e-11
2.35757377356107e-11
1.10853950802459e-11
5.17497673446576e-12
2.39888471747342e-12
1.10439504638198e-12
5.050355574907e-13
2.2943954853118e-13
1.03568551761408e-13
4.64583161408877e-14
2.071265673546e-14
9.17918313533346e-15
4.04413419958908e-15
1.77156117755771e-15
7.71702677970408e-16
3.34318001555073e-16
1.44057731093435e-16
6.17490296369411e-17
2.63322982864218e-17
1.11727325467477e-17
4.7172368056731e-18
1.9820652662954e-18
8.28883216015272e-19
3.45029154681641e-19
1.42970380273648e-19
5.89798736107513e-20
2.42252163423344e-20
9.9077508779017e-21
4.03517700580365e-21
1.63668736034611e-21
6.61179028783831e-22
2.66045716618611e-22
1.0663753445629e-22
4.25806653592027e-23
1.69392578836756e-23
6.71407455279126e-24
2.65165640541423e-24
1.04355764202354e-24
4.09269914471547e-25
1.5998061951624e-25
6.21942237421629e-26
2.52636714374405e-26
