8.29094455119911e-11
5.31495180696641e-10
2.47114685857057e-09
9.8890205355673e-09
3.5916916707989e-08
1.21198867137922e-07
3.84491034546157e-07
1.15432747010701e-06
3.29233878521114e-06
8.94238098261364e-06
2.31662436646591e-05
5.73043381265948e-05
0.000135457540684951
0.000306183705231837
0.000662145975879257
0.00137060325894483
0.00271657352375255
0.0051573273454282
0.00938086835348134
0.0163523571399852
0.0273227941573164
0.0437675787665556
0.067224393073871
0.0990156630542421
0.139872745206931
0.189522378293734
0.246337953642744
0.307180010156746
0.367534308424758
0.42199469277466
0.46504254465178
0.491974108030769
0.499759456192445
0.487613311945059
0.457126603453924
0.411927888031046
0.35697340251854
0.297657759806182
0.238964568070881
0.184835303365562
0.137848838882157
0.0992087820079359
0.0689630579779959
0.0463467057122266
0.0301437089938788
0.0189936667212912
0.0116072559129484
0.00688723076449183
0.00397234550181603
0.00222963057584061
0.00121926451932329
0.000650329665900003
0.000338706844348772
0.000172442086676273
8.59118728778917e-05
4.19277144487692e-05
2.00640689119259e-05
9.42370292331324e-06
4.34816820657737e-06
1.97266237810293e-06
8.80688487061602e-07
3.87220648762724e-07
1.67798144737255e-07
7.17161276493354e-08
3.02509763343349e-08
1.26017426616511e-08
5.18741269072291e-09
2.11127886267734e-09
8.5005425431324e-10
3.38744557554255e-10
1.33668326047701e-10
5.22527617257074e-11
2.02440536981885e-11
7.77616886197822e-12
2.96262386380525e-12
1.11991079368564e-12
4.20175991716591e-13
1.56515243533528e-13
5.79013624268847e-14
2.12789250089967e-14
7.77060291172715e-15
2.82041502476011e-15
1.01771902802395e-15
3.65171749945188e-16
1.30320746668646e-16
4.62663197574604e-17
1.63431118294814e-17
5.74515985670415e-18
2.01021378494103e-18
7.00207264463102e-19
2.42841654751744e-19
8.38680684081511e-20
2.88475256947075e-20
9.88365644336665e-21
3.37349280525008e-21
1.14722435869148e-21
3.88753461851459e-22
1.31282287693688e-22
4.41865822863567e-23
1.48242080610172e-23
4.95783285408224e-24
1.65307362334811e-24
5.49555256793844e-25
1.82174118041371e-25
6.02218176348734e-26
1.98539620013214e-26
6.5282914443365e-27
2.14112717181644e-27
7.00496998518786e-28
2.28623095575033e-28
7.44409520202397e-29
2.41829149493376e-29
7.83855817363544e-30
2.53524219795262e-30
8.18243295239568e-31
2.63541070764636e-31
8.47108982579345e-32
2.7175458319523e-32
8.70125293903942e-33
2.78082733225828e-33
8.87100572595003e-34
2.82486000743916e-34
8.97974964493982e-35
2.84965406357743e-35
9.0281231580589e-36
2.85559412082631e-36
9.01788874626355e-37
2.84339939276398e-37
8.95179607897705e-38
2.8140776013264e-38
8.83342932782479e-39
2.76887508870203e-39
8.66704612247432e-40
2.7092253855038e-40
8.45741488353887e-41
2.63669822116245e-41
8.20965632310487e-42
2.55295064503083e-42
7.92909385918659e-43
2.45968158926811e-43
7.62111661666362e-44
2.35859086742543e-44
7.29105764271863e-45
2.25134327253897e-45
6.94408970669177e-46
2.13953266507596e-46
6.58555991529159e-47
2.02142716249758e-47
6.46815522044932e-48
