1.03563257640195e-17
6.79277317972006e-17
3.26497750577605e-16
1.36352761792494e-15
5.21993735172273e-15
1.87629557044778e-14
6.41448009449072e-14
2.10185404598853e-13
6.63440517561649e-13
2.02420306266795e-12
5.98452099900804e-12
1.71759837074733e-11
4.7922109594941e-11
1.30120259453313e-10
3.44132297860207e-10
8.87122474393448e-10
2.23034597697226e-09
5.47146365129457e-09
1.31026113167094e-08
3.06401363601636e-08
6.99902374072469e-08
1.56213080620025e-07
3.40750392877737e-07
7.26589523244626e-07
1.51482011409949e-06
3.08837119748583e-06
6.15835616062003e-06
1.20124415089004e-05
2.29238665614767e-05
4.28044290176579e-05
7.82138506015067e-05
0.000139868132990298
0.00024481419998194
0.000419446517338219
0.000703518269713128
0.00115522635947852
0.00185730662586331
0.00292384839485361
0.00450722274180307
0.00680413418505355
0.0100593969043367
0.0145656825835387
0.0206572955840891
0.0286961260113821
0.0390484263584199
0.0520520224803864
0.0679749923676096
0.0869686019696336
0.109019128646895
0.13390477871889
0.161164816103624
0.190087899893818
0.219725250100805
0.248931615914216
0.27643337610989
0.300918985936811
0.321143111200769
0.336032915015758
0.344783718960606
0.346932002450464
0.342396407438346
0.331481662369615
0.3148453981285
0.29343280945681
0.268388161126134
0.240954604892986
0.212374352569601
0.18380000903182
0.156225200715553
0.130439146780236
0.107006183708863
0.0862680663291395
0.0683645474781781
0.0532664771677397
0.0408154344314313
0.0307645179817087
0.0228160880637414
0.0166536644204058
0.0119665769501697
0.00846714536318619
0.00590102846326157
0.004051908539763
0.00274189667231245
0.001829029780504
0.0012030608514258
0.000780495405079252
0.00049955988517188
0.000315542028172987
0.00019674178239795
0.000121121742082807
7.36459805255589e-05
4.42375954161129e-05
2.62580351465506e-05
1.54053802962782e-05
8.93576510017357e-06
5.12564028073048e-06
2.90822311992962e-06
1.63258140699579e-06
9.06967843484699e-07
4.98745842303182e-07
2.71541042443807e-07
1.46405327147767e-07
7.81875940898885e-08
4.13685881824813e-08
2.16893069115783e-08
1.12707017355786e-08
5.8059417887947e-09
2.9654794808952e-09
1.50210315836677e-09
7.54687654977832e-10
3.76162472201251e-10
1.86037524388626e-10
9.13096577353165e-11
4.44832264547023e-11
2.151343298524e-11
1.03306032596228e-11
4.92618875714522e-12
2.33308706920762e-12
1.09761189589052e-12
5.13010659132227e-13
2.38245023131818e-13
1.09951132060295e-13
5.04325587351537e-14
2.29939315712702e-14
1.04222248343046e-14
4.69683412458814e-15
2.10474172313138e-15
9.3797458313707e-16
4.1574837248206e-16
1.83300880459436e-16
8.03968598558699e-17
3.50831834053959e-17
1.52330873156927e-17
6.58185664596097e-18
2.83023091815196e-18
1.21129138481535e-18
5.16021729626933e-19
2.18835735813832e-19
9.23924948174337e-20
3.88382536931238e-20
1.62563361355089e-20
6.77579335826771e-21
2.81258592196539e-21
1.16276624603141e-21
4.78797733897816e-22
1.96387576415854e-22
8.02514693082974e-23
3.2599262449208e-23
1.38392181541579e-23
